"" "(Intercept)" "time" "X1" "X2" "" "" "" "" "W" "B_t" "beta_shared" "W" "B_t" "beta_shared" ""
126 1 1 1 1 1 1 1 1 1 1 1 1 1 1 1
101 1 1 1 1 1 0 0 1 1 1 1 1 1 1 1
102 1 1 1 1 0 1 1 1 1 1 1 1 1 1 1
127 1 1 1 1 1 1 1 1 1 1 1 1 1 1 1
103 1 1 1 1 1 1 1 1 1 1 1 1 1 1 1
128 1 1 1 1 1 1 1 1 1 1 1 1 1 1 1
104 0 1 1 0 1 1 1 0 1 1 0 1 1 1 1
105 1 1 1 1 1 1 1 1 1 1 1 1 1 1 1
129 1 1 1 1 1 1 1 1 1 1 1 1 1 1 1
106 1 1 1 1 1 1 1 1 1 1 1 1 0 1 1
130 1 1 1 1 1 1 1 1 1 1 1 1 1 1 0
107 1 1 1 1 0 1 1 1 1 1 1 1 1 1 1
131 1 1 1 1 1 1 1 1 1 1 1 1 1 1 0
132 1 1 1 1 1 1 1 1 1 1 1 1 1 1 1
108 1 1 1 1 1 1 1 1 1 1 1 1 1 1 1
133 1 1 1 1 1 1 1 1 1 1 1 1 1 1 1
109 1 1 1 1 1 1 1 1 1 1 1 0 1 1 1
110 1 1 1 1 1 1 1 1 0 1 1 1 1 1 0
134 1 1 1 1 1 1 1 1 1 1 1 1 1 1 1
111 1 1 1 1 1 1 1 1 1 1 1 1 0 1 1
135 1 1 1 1 0 1 1 1 1 1 1 1 1 1 1
136 1 1 1 1 1 1 1 1 1 1 1 1 1 1 1
113 1 1 1 1 1 1 1 1 1 1 1 1 0 1 0
137 1 1 1 1 1 1 1 1 0 1 1 1 1 1 1
138 1 1 1 1 1 0 0 0 1 1 1 1 1 1 1
114 1 1 1 1 1 1 1 1 1 1 1 1 1 1 1
139 1 1 1 1 0 1 1 1 1 1 1 0 1 1 1
115 0 1 0 1 1 1 1 1 1 1 1 1 1 1 1
140 0 1 0 1 1 1 1 1 1 1 1 1 1 1 1
116 1 1 1 1 1 1 1 1 1 1 1 1 1 0 1
141 1 1 1 1 1 1 1 1 1 1 1 0 1 1 1
117 1 1 1 1 1 1 1 1 1 1 1 1 1 1 1
118 1 1 1 1 0 1 1 1 1 1 1 0 1 1 1
142 1 1 1 1 1 1 1 1 0 1 1 1 1 1 1
143 1 1 1 0 0 1 1 0 1 1 1 0 1 1 1
119 0 1 1 1 1 1 1 1 1 1 1 1 1 1 1
151 1 1 1 1 1 1 1 1 1 1 1 1 1 1 1
144 1 1 0 1 1 1 1 1 1 1 1 1 1 1 1
120 1 1 1 1 1 1 1 1 1 1 1 1 1 1 1
145 1 1 1 1 0 0 0 1 1 1 1 1 1 1 1
121 1 1 1 1 1 1 1 1 1 1 1 1 1 1 1
152 1 1 1 1 1 1 1 1 1 1 1 1 1 1 1
146 1 1 1 1 1 1 1 0 1 1 1 1 1 1 1
153 1 0 1 1 1 1 1 1 1 0 1 1 0 0 1
122 1 1 1 1 1 1 1 1 1 1 1 1 1 1 1
147 1 1 1 1 1 1 1 1 1 1 1 1 1 1 1
154 1 1 1 0 1 1 1 1 1 1 1 1 1 1 0
148 1 1 1 1 1 1 1 1 1 1 1 1 1 1 1
123 1 1 1 1 1 1 1 1 1 1 0 1 1 0 1
149 1 1 1 1 1 1 1 1 0 1 1 0 1 1 1
155 1 1 1 1 1 1 1 1 1 1 1 1 1 1 1
124 1 1 1 1 1 1 1 1 1 0 1 1 1 1 1
150 1 1 1 1 1 0 0 1 1 1 1 1 1 1 1
125 1 0 1 1 1 1 1 0 1 1 1 1 1 1 1
156 1 0 1 1 1 0 0 0 1 1 1 1 1 1 1
157 1 1 1 1 1 1 1 1 1 1 1 1 1 1 0
158 0 1 1 1 1 1 1 1 1 1 1 1 1 1 1
176 1 1 1 1 1 1 1 1 1 1 1 1 1 1 1
201 1 0 1 1 1 1 1 1 1 1 1 1 0 1 1
227 1 1 1 1 1 1 1 1 1 1 1 1 1 1 1
159 1 1 1 1 1 1 1 1 1 1 1 1 1 1 1
177 1 1 1 1 1 1 1 1 1 1 1 0 1 1 1
228 1 1 1 1 1 1 1 1 1 1 1 1 0 1 1
202 1 1 1 1 1 1 1 1 1 1 1 1 1 1 0
160 1 1 1 1 1 1 1 1 1 1 1 1 1 1 1
178 1 1 1 1 1 1 1 1 1 1 1 1 1 1 1
229 1 0 1 1 1 1 1 1 1 1 1 1 1 1 1
203 1 1 1 0 0 1 1 1 1 1 1 1 1 1 1
161 1 1 1 1 1 1 1 1 1 1 1 1 1 1 1
179 1 1 1 1 1 1 1 1 1 1 1 1 1 1 1
204 1 1 1 1 0 1 1 1 1 0 1 1 1 1 0
230 1 1 1 1 1 1 1 1 1 1 1 1 1 1 1
162 1 1 1 1 1 1 1 1 1 1 1 1 1 1 1
180 1 1 1 1 1 1 1 1 1 1 1 1 0 1 1
205 1 1 1 1 1 1 1 1 1 1 1 1 1 1 1
163 1 1 1 1 1 1 1 1 1 1 1 1 1 1 1
231 1 1 1 1 1 1 1 1 1 1 1 1 1 1 0
181 1 1 1 1 1 1 1 1 1 1 1 1 1 1 1
206 1 1 1 1 1 1 1 1 1 1 1 1 0 1 1
232 1 1 0 1 1 1 1 1 1 0 1 1 1 1 1
164 1 1 1 1 1 1 1 1 1 0 1 1 1 1 1
207 0 1 1 0 1 1 1 1 1 1 1 1 0 1 1
182 1 0 1 1 1 1 1 1 1 1 1 1 1 1 1
165 1 1 1 1 1 1 1 0 1 1 1 1 1 1 1
233 0 1 1 1 1 0 0 1 0 1 1 1 1 1 0
208 1 1 1 1 1 1 1 1 1 0 1 1 1 1 1
183 1 1 1 1 1 1 1 1 0 1 1 1 1 1 1
209 1 1 1 1 1 1 1 1 1 1 1 1 1 1 1
234 1 1 1 1 1 1 1 1 1 1 1 1 1 1 1
166 1 1 1 1 0 1 1 1 1 0 1 1 1 1 1
184 1 1 1 1 1 1 1 0 1 1 1 1 1 1 1
235 1 0 1 1 1 1 1 1 1 1 1 1 1 1 1
210 1 1 1 1 1 1 1 1 1 1 1 1 1 1 1
167 1 1 1 1 1 1 1 1 1 1 1 1 1 1 1
185 1 1 1 1 1 1 1 1 1 1 1 1 1 0 1
236 1 1 0 1 0 1 1 1 1 1 1 1 1 1 1
211 1 1 1 1 1 1 1 1 1 1 1 1 1 1 1
237 1 1 1 1 1 1 1 1 1 1 1 1 1 1 1
168 1 1 1 1 1 1 1 1 1 0 1 1 1 1 1
212 1 1 1 1 1 1 1 1 1 1 1 1 1 1 1
186 1 1 0 0 1 1 1 1 1 1 1 1 1 1 1
238 1 1 1 1 1 1 1 1 1 1 1 1 1 1 0
213 1 1 1 1 1 1 1 1 0 1 1 1 1 1 1
239 1 1 1 1 1 1 1 0 1 1 1 1 1 1 1
214 1 1 1 1 1 1 1 1 0 1 1 1 1 1 1
187 1 1 1 1 1 1 1 1 1 1 1 1 1 1 1
169 1 1 1 1 1 1 1 1 1 1 1 1 1 1 1
240 1 1 0 1 1 0 0 1 1 1 1 0 1 1 1
215 1 1 0 1 1 1 1 1 1 1 1 0 1 1 1
170 1 1 1 1 1 1 1 1 1 1 1 1 0 1 1
188 1 1 0 1 1 1 1 1 1 1 1 1 1 1 1
241 1 1 1 1 1 1 1 1 1 1 1 1 1 1 1
216 1 1 1 0 1 1 1 1 1 1 0 1 1 0 1
171 1 0 1 1 1 1 1 1 1 1 1 1 1 1 1
242 1 1 1 1 1 1 1 1 1 1 1 1 1 1 1
189 0 1 1 1 1 1 1 1 1 1 1 1 1 1 1
217 1 1 1 1 1 1 1 1 1 1 1 1 1 1 1
243 1 1 1 1 1 1 1 1 1 1 1 1 1 1 1
218 1 1 1 1 1 1 1 1 1 1 1 1 1 1 1
172 1 1 1 1 1 1 1 1 1 1 1 1 1 1 1
190 1 0 1 1 1 0 0 1 1 1 0 1 1 1 1
244 1 1 1 1 1 1 1 1 1 1 1 1 1 1 1
219 1 0 1 1 1 1 1 1 1 1 1 1 1 1 0
173 1 1 1 1 1 1 1 1 1 1 1 1 1 1 0
245 1 1 1 1 1 0 0 1 1 1 1 1 1 1 1
191 1 1 1 1 1 1 1 1 1 1 1 1 1 1 1
220 1 1 1 1 1 1 1 0 1 1 1 1 1 1 1
174 1 1 1 1 1 1 1 1 1 1 1 1 0 1 1
246 1 1 1 1 0 1 1 1 1 1 1 1 1 1 1
192 1 1 1 1 1 1 1 1 1 0 1 1 1 1 1
221 1 1 1 1 1 1 1 1 1 1 1 1 1 1 1
175 1 1 1 1 1 1 1 1 1 1 1 1 1 1 1
193 1 1 1 1 1 1 1 1 1 1 1 1 1 1 1
247 1 1 1 1 1 0 0 1 1 1 1 1 1 1 1
222 1 1 1 0 1 1 1 1 0 1 1 0 1 1 1
248 1 1 1 1 0 1 1 1 1 1 1 1 1 0 1
194 1 1 1 1 1 1 1 1 1 1 1 1 1 1 1
195 1 1 1 0 1 1 1 1 1 1 1 1 1 1 1
249 1 1 1 1 1 1 1 1 1 1 1 1 1 1 1
223 1 1 1 1 1 1 1 1 0 1 1 1 1 1 1
196 1 1 1 1 1 1 1 1 1 1 1 1 1 1 1
197 1 1 1 1 1 0 0 1 1 1 1 1 1 1 1
250 1 1 1 0 1 1 1 1 1 0 0 1 1 1 0
224 1 1 1 1 1 0 0 1 1 1 1 1 1 1 1
198 1 1 1 1 1 1 1 1 1 1 1 1 1 1 1
225 1 1 1 1 1 1 1 1 1 1 1 1 1 1 1
199 1 1 0 1 1 1 1 1 1 1 1 1 1 1 0
200 1 1 1 1 1 1 1 1 1 1 0 0 1 1 1
251 1 1 1 1 1 1 1 1 1 1 1 1 1 1 1
276 1 1 1 1 1 1 1 1 1 1 1 1 0 1 1
252 1 1 1 1 1 1 1 1 1 1 1 1 1 1 1
277 1 1 1 1 1 1 1 0 1 1 1 1 1 1 1
253 1 1 1 1 1 1 1 0 1 1 0 1 1 1 1
278 1 1 1 1 1 1 1 1 1 1 1 1 1 1 0
254 1 1 1 1 1 1 1 1 1 0 0 1 0 1 1
279 1 1 1 1 1 1 1 1 1 1 1 1 1 1 1
255 1 1 1 1 1 1 1 1 1 1 1 1 1 1 1
280 0 1 1 0 1 0 0 1 1 1 1 1 1 1 1
281 1 1 1 1 1 1 1 1 1 1 1 1 1 1 1
256 1 1 1 1 1 1 1 1 1 1 1 1 0 1 1
257 1 1 1 1 1 1 1 1 1 1 1 1 1 1 1
282 1 1 1 1 1 1 1 1 1 1 1 1 1 1 1
258 1 1 1 1 1 1 1 1 1 1 1 1 1 1 1
283 1 0 1 1 1 1 1 0 1 1 1 1 1 1 1
259 1 1 1 1 1 1 1 1 1 1 1 1 1 1 1
284 1 1 1 1 1 1 1 1 1 1 1 1 0 1 1
285 1 1 1 1 1 1 1 1 1 1 1 1 1 1 1
260 1 1 1 1 1 1 1 1 1 1 1 1 1 1 1
286 1 1 1 1 0 1 1 0 1 1 1 1 1 1 0
261 1 1 0 1 1 0 0 1 1 1 1 1 1 1 1
262 1 1 1 1 1 1 1 1 1 1 1 1 0 1 1
287 1 1 1 1 1 1 1 1 1 1 1 1 1 1 1
263 1 1 1 1 1 1 1 1 1 1 1 1 1 1 1
288 1 1 1 1 1 1 1 1 1 1 1 1 1 1 1
264 1 1 1 1 1 1 1 1 1 1 1 1 1 1 1
289 0 1 1 1 1 1 1 1 1 1 1 1 1 1 1
265 1 1 1 1 1 1 1 1 1 1 1 1 1 1 1
290 1 0 1 1 1 1 1 1 1 1 1 1 1 1 1
266 1 1 1 1 0 1 1 1 1 1 1 1 1 1 1
291 1 1 1 1 1 1 1 1 1 1 1 1 1 1 1
267 1 0 1 1 1 1 1 1 1 1 1 1 1 1 1
292 1 1 1 1 1 1 1 1 1 1 1 1 1 1 1
268 1 1 1 1 1 1 1 1 1 1 1 1 1 1 1
293 1 1 1 1 1 1 1 1 1 0 1 1 1 0 0
269 1 1 1 1 1 1 1 1 1 1 1 1 1 1 1
270 1 1 1 1 1 1 1 0 1 1 1 1 1 1 1
294 1 1 1 1 1 1 1 1 1 1 1 1 1 0 1
271 1 0 1 1 1 1 1 1 1 0 1 1 1 1 1
295 1 1 1 1 1 1 1 0 1 1 1 1 1 1 1
272 1 1 1 1 1 1 1 1 1 1 1 1 1 1 1
296 1 1 1 1 1 1 1 1 1 1 0 1 1 1 1
273 1 1 1 1 1 1 1 1 1 1 1 1 0 1 1
297 1 1 1 1 1 1 1 1 1 1 1 1 1 1 1
274 1 1 1 1 1 1 1 1 1 1 1 0 1 1 1
298 1 1 1 1 1 1 1 1 1 1 1 1 1 1 1
275 1 1 1 1 1 1 1 1 1 1 1 1 1 1 1
299 1 1 1 1 1 1 1 1 1 1 1 0 1 1 1
300 1 1 1 1 1 1 1 1 1 1 1 1 1 1 1
