"" "(Intercept)" "time" "X1" "X2" "" "" "" "" "W" "B_t" "beta_shared" "W" "B_t" "beta_shared" "" "" "" ""
1 0.118776005419388 0.0724001691626318 0.104326472495036 0.091671071703285 0.067337084154148 0.0594749213341829 0.0594749213341829 0.116509731044817 0.260130791859971 0.0929140403744303 0.0853553830370054 0.292145430484305 0.0945343547761328 0.0874386201061146 0.147760701979398 5.92328055432566 0.0216735857250668 29.011491975882
2 0.127356909375371 0.0705476227833498 0.0965944700868725 0.0834644165477463 0.0571373750361473 0.0519950058049655 0.0519950058049655 0.0971689355318034 0.336080439212093 0.102181247034193 0.101743324802533 0.306356114692886 0.0925080169064524 0.0992878708198386 0.10561691488299 5.69153189866624 0.0245502473809257 29.011491975882
3 0.121840894913363 0.0940803812265369 0.109642049595646 0.0941837063412078 0.0631798960053593 0.0623513861821055 0.0623513861821055 0.124941064304829 0.277514540422607 0.101549392403507 0.099688128053605 0.366816018143042 0.0861421877818134 0.0935218016722734 0.138472719380392 7.18845173760236 0.0224831025214471 29.011491975882
4 0.109582548478174 0.0843010346615758 0.105472407991987 0.0830287883478983 0.0493360311351152 0.0536553632233413 0.0536553632233413 0.120704396854274 0.250924274216686 0.0888815038168383 0.105169379540895 0.244522129058582 0.09496462649857 0.099767228796422 0.129127723421257 5.60335397396735 0.024603150717998 29.011491975882
5 0.123944275174312 0.0808677989762788 0.107289929020435 0.0966902410934607 0.057464757322532 0.0549143875597526 0.0549143875597526 0.0928380620880212 0.362500370981408 0.0958617903132039 0.114251033408505 0.29683518633941 0.0807575480599395 0.0836185600684395 0.156457051608575 7.03997245173673 0.0232662862476497 29.011491975882
6 0.145844265174754 0.0844571367675763 0.102509231002893 0.0982169038369647 0.082320971761931 0.0769032320297741 0.0769032320297741 0.0895190508960952 0.308222031469369 0.087115336273587 0.0963818948815419 0.386976569705296 0.0927833545720142 0.111715467748856 0.176296051822086 6.82334080916231 0.0236370920633677 29.011491975882
7 0.10601526986308 0.0796410095432207 0.0973973777880338 0.0819166883159334 0.0466886050518942 0.0423450315398896 0.0423450315398896 0.0923698839867124 0.356934144177153 0.0986115995266063 0.098812293144947 0.347048257369146 0.110566233632558 0.0990311792998847 0.183416259392068 5.60896648684096 0.0239850016266479 29.011491975882
8 0.107391921478224 0.0849756032046711 0.115038102440616 0.0657067955593981 0.0524896690569493 0.0616806116425689 0.0616806116425689 0.136046787603348 0.303908760026678 0.0810749204506848 0.118923708460876 0.317244185230808 0.087120435173221 0.110132406598296 0.130576834549381 7.66600787683373 0.021060443916969 29.011491975882
9 0.121414868973789 0.0784507851597643 0.0951504294951323 0.0824048869584696 0.0536466952260696 0.0593993643210899 0.0593993643210899 0.0768545350328821 0.287507492535483 0.112366566257035 0.101781976497717 0.325700114677381 0.101719555646422 0.117597490561815 0.099910581451683 5.58565080805227 0.0217277112081193 29.011491975882
10 0.113294378439011 0.0758367472276999 0.102770850732348 0.0796022432524413 0.0618648257121006 0.06140317920338 0.06140317920338 0.100911639058018 0.301691156820912 0.0819592023593539 0.0881156626826744 0.282497670357236 0.0945824305965215 0.096963252845344 0.109199917859827 6.18760572810394 0.022304368372246 29.011491975882
11 0.139175543877198 0.0663952310983223 0.0962124787066168 0.11041996265002 0.0678509658691847 0.052634810326933 0.052634810326933 0.123464622623795 0.32024697193927 0.105617334474853 0.128419969003957 0.336270241786613 0.0952759760262916 0.0796563478091156 0.166722861849622 6.99912692968043 0.0207418445698934 29.011491975882
12 0.118956277779043 0.0730618961983212 0.0993047019261469 0.0875609742406311 0.0549636602019444 0.0545753362711586 0.0545753362711586 0.09604526164774 0.257039369846681 0.086296163963887 0.115389927008704 0.384687701556224 0.095452798558055 0.107379258472349 0.142637902062969 5.92487480155838 0.0237065791277315 29.011491975882
13 0.119014591336134 0.0816450681521851 0.105188583599903 0.095140893631165 0.0571039111654543 0.0531263300188018 0.0531263300188018 0.0880355493028871 0.257915257301359 0.0980163604598046 0.0925050969436938 0.316371442557195 0.0900621805067775 0.118381857914166 0.177232596563289 6.55833188941496 0.0248811696069558 29.011491975882
14 0.130759500168867 0.0875959475697487 0.0916000888307896 0.107373088174477 0.0705395933745857 0.0657768646528167 0.0657768646528167 0.146614027052633 0.286230227810351 0.0896166474023739 0.0850706138266867 0.292376621124155 0.0943065192548065 0.080560244511446 0.122331272509365 7.49849143077284 0.0230055301871511 29.011491975882
15 0.104848678691049 0.0788858566958612 0.105917417602819 0.0759314413492246 0.0600202572818015 0.056142537917343 0.056142537917343 0.0830556734703705 0.25817095471312 0.0899167977 0.0910744562476145 0.336964581998477 0.084722208752855 0.0836219739344006 0.126359764580948 5.80256822276119 0.0196228807644278 29.011491975882
16 0.118851705675117 0.0814114456953063 0.107377167158988 0.0997420470603402 0.0515101256024024 0.0598277623462806 0.0598277623462806 0.109104574758124 0.323993901521692 0.0810990591347952 0.0944026330593003 0.330712185216892 0.0965327320455792 0.0967687756658574 0.140799428489993 6.07358912410815 0.0223370078388293 29.011491975882
17 0.128794247629732 0.0732933142713945 0.120200422098706 0.0966817459403891 0.0561793110042494 0.05751946963176 0.05751946963176 0.0707265886345465 0.338054980352624 0.0920141480940897 0.109584589994028 0.305802082791231 0.0992288547199337 0.113011577137804 0.19507475157724 5.52496629177523 0.0248633132030778 29.011491975882
18 0.119191845013192 0.0711714086785749 0.102699862458779 0.082465184392518 0.0557679812202159 0.06397340700985 0.06397340700985 0.120947083561108 0.286757055192808 0.0765735853101766 0.101434936572392 0.374637514935466 0.10197002225005 0.102587691733976 0.156676314748063 6.4859989067361 0.0236372389600936 29.011491975882
19 0.129223369932719 0.0901752228627713 0.105086213952537 0.0831899904278021 0.044935621068365 0.0568373599586217 0.0568373599586217 0.107137991614886 0.349619169835471 0.0971738414552987 0.103581764238656 0.32708868867548 0.0933450439167328 0.105501975996655 0.120679344353089 6.12426866382156 0.0248634655507216 29.011491975882
20 0.14153985550566 0.0732554169570273 0.105928646127635 0.0895793639468781 0.0569797649551635 0.0619478097628986 0.0619478097628985 0.119987761096591 0.233754979999469 0.103641521418076 0.0992875924573632 0.27029443999059 0.0829833795026255 0.109420103859924 0.151091781098034 6.32355704784686 0.0227044443431081 29.011491975882
21 0.137261007118405 0.0851549789599209 0.11976174887276 0.0964606043891858 0.0502740958199845 0.0712572492326193 0.0712572492326193 0.102524578481795 0.375378055858048 0.0928457234863385 0.140282721960279 0.303529434629634 0.0849007227376409 0.100734350880557 0.13047772321348 5.83039752963169 0.0247748829105674 29.011491975882
22 0.122345633031014 0.0723146405642315 0.107442477839209 0.0855097107814323 0.0383356178030083 0.0448906782948259 0.0448906782948259 0.0855309261421651 0.349169211566618 0.0869089440645957 0.10896808131129 0.309650795658216 0.102131476832554 0.138836245582051 0.139548078661438 5.04143437982293 0.0235192807214967 29.011491975882
23 0.126110081215215 0.0790484610639345 0.115865447774478 0.104262703990253 0.070600707218002 0.0501178291483824 0.0501178291483824 0.110423154630005 0.29649536613322 0.101373429386393 0.107751038961434 0.369577857709129 0.095169462279867 0.0927235285307453 0.10625386296459 6.79627794747933 0.0178376517003169 29.011491975882
24 0.131335017044951 0.071917470148721 0.116055830157604 0.0837168813525616 0.0586238901862949 0.037527864755276 0.037527864755276 0.0873417703460958 0.311100774461638 0.10336011315766 0.103649221347859 0.279778186162438 0.0859118626138052 0.127881973223322 0.157971041867455 5.36810633804563 0.0211386118061454 29.011491975882
25 0.10634925647737 0.0810814935942195 0.102943571828371 0.0888779776765561 0.0476750344296004 0.0573384657736973 0.0573384657736973 0.0987336822265011 0.26296151983831 0.0985236568992616 0.0936793271512673 0.373918239627532 0.0954111336910708 0.120810456367214 0.159529771455401 7.17438625819785 0.0259841030461148 29.011491975882
26 0.109177949162066 0.0715553334103732 0.110565636475762 0.0801075235096706 0.0495991306329967 0.0531677815149795 0.0531677815149795 0.100119611471487 0.240384663241363 0.0792119787670882 0.0994517147411184 0.334897069505912 0.0943280805821044 0.0875536664178632 0.185434311588022 5.65159314269039 0.0227826106599935 29.011491975882
27 0.141961223213832 0.0738423491878979 0.110319054575289 0.116212823013389 0.054753173799041 0.0640232243491171 0.0640232243491171 0.102338752009941 0.342373578357227 0.102777153649452 0.0860310677828825 0.258463394977852 0.0843940973921896 0.0903572021212264 0.130343573019114 6.11884817839951 0.0247586710654933 29.011491975882
28 0.137569112398729 0.0784053678313206 0.112338887168794 0.103656654590609 0.0747936593076378 0.0768338703339351 0.0768338703339351 0.111009790414726 0.324637648388975 0.0883045993274351 0.128982495439891 0.370020051362046 0.0806105655709639 0.110629626283723 0.140438611612951 6.56044929478881 0.0229175481924117 29.011491975882
29 0.130220858242646 0.0691951648670091 0.115126087654563 0.0875864840687136 0.052128710969697 0.0538289866169297 0.0538289866169297 0.112391261491367 0.268411261555313 0.0861071721203922 0.085161144888523 0.258692207882459 0.108077162844812 0.100308727017307 0.104406142187138 6.16359464840924 0.0226899946801637 29.011491975882
30 0.122419315425116 0.0767871986311175 0.107884617058339 0.0966710823784658 0.0683962715163683 0.0648749920157529 0.0648749920157529 0.0947866861539588 0.323940440485146 0.0875101740925878 0.10746400438175 0.299563258119715 0.0883073041869178 0.0751346574294735 0.171388413604837 7.01123917346105 0.027261639160127 29.011491975882
31 0.114154939638487 0.102621158750078 0.103250694061252 0.0884645169129026 0.0495837818613117 0.0655014334390655 0.0655014334390655 0.129129890126172 0.375189608729336 0.101071014308783 0.097527970612936 0.29118140305356 0.0947531894411322 0.107149984338518 0.173746245136634 6.97892932658402 0.0237977987904917 29.011491975882
32 0.118879665608462 0.0759297765704565 0.0988157763358988 0.0918106014608904 0.0507612230360551 0.050139773281738 0.050139773281738 0.0768932452957643 0.295038177916614 0.0834377909957235 0.106629924525802 0.313488443664978 0.0823559930098703 0.104358788507495 0.129478565045958 6.5200855171934 0.0232338110250444 29.011491975882
33 0.125311426938617 0.0835095627708148 0.1099564409856 0.0830265407792435 0.0415320215690758 0.0582123630095238 0.0582123630095238 0.077736123131547 0.321317741757599 0.0903551490058036 0.110286987050318 0.40408593813146 0.100558073313371 0.131566615177852 0.100374320928137 5.7624612446384 0.0238810710722018 29.011491975882
34 0.131247394851998 0.0804919911621662 0.108845660061529 0.0861310131841462 0.0604742698676518 0.0540534003452935 0.0540534003452935 0.0861549857920538 0.34129994160039 0.084982131405817 0.0988791120294821 0.287828074405702 0.0921712092690313 0.115384205972521 0.131447452845099 5.46707315561891 0.0215564797261013 29.011491975882
35 0.114459565092488 0.0824877203790366 0.116418264939661 0.0908103005147882 0.0623793407105225 0.0518878488105062 0.0518878488105062 0.109113820034327 0.329196086414909 0.093562449488341 0.0913648098601405 0.29225115141638 0.102423885017215 0.118645777649178 0.112405168620631 6.98120854345956 0.0237335269825263 29.011491975882
36 0.162689023195503 0.0836424288013976 0.113379785910185 0.10896102649989 0.0798621558789691 0.0663616910987951 0.0663616910987951 0.112435820627579 0.403970364547804 0.0935862047967004 0.0910772692060481 0.311479771911977 0.0883163225055787 0.106284665108539 0.192646023558054 6.75738279382057 0.0239725748186202 29.011491975882
37 0.125531377387212 0.07718821464037 0.11784541005366 0.0901764585518791 0.0550945497749088 0.055383912618288 0.055383912618288 0.0870229380594405 0.31386253318402 0.0953972657296724 0.0946628655563574 0.242836038297321 0.0974073454664834 0.0899686252683796 0.142746722982829 6.30404712077964 0.0215641367772859 29.011491975882
38 0.117439204127044 0.0642117599202602 0.106515288042806 0.0826967572261952 0.0564808223912966 0.0522020728760939 0.0522020728760939 0.0771168251259119 0.340163472097341 0.101467017706948 0.131706939406784 0.342445549637886 0.0932299468751101 0.10798450544379 0.119859394367611 5.60991186304305 0.0221447259836036 29.011491975882
39 0.125989543526772 0.0782108440602224 0.104237176672213 0.0924127162400252 0.0554937766840742 0.0494741105714783 0.0494741105714783 0.0910683868990068 0.307731497130789 0.0883288164749264 0.113272231731874 0.369779592276254 0.0938760674234227 0.0790409133033578 0.138073290010905 6.47995354765742 0.0215760927365864 29.011491975882
40 0.0996261702837606 0.073328122903178 0.0930855044607976 0.0778327947625822 0.0484471898080406 0.0451227106769423 0.0451227106769423 0.102253813890924 0.292185256965408 0.0838505170959944 0.107984057418281 0.29367040520132 0.0935654194878669 0.118515948587102 0.190527772347829 5.91907548063501 0.0226665970364349 29.011491975882
41 0.11698764770811 0.0765187466312728 0.112088980848317 0.098958586349979 0.0561465873099555 0.0571165951199707 0.0571165951199707 0.106625743397738 0.306858214100272 0.0978809902250941 0.0912788095137663 0.353975977404038 0.0884230664766096 0.124953079525402 0.151892856300651 6.21190613079253 0.0208472075013912 29.011491975882
42 0.121573830679787 0.0769481122993215 0.107179799793541 0.0824084034605368 0.0507349499939048 0.0461644645437662 0.0461644645437662 0.0860975386733978 0.346852880965804 0.094865632891058 0.0973967061171957 0.335381382680477 0.0943547608897492 0.116354723947684 0.193426222013206 5.74065775979996 0.0208250892779441 29.011491975882
43 0.108708723910499 0.0754894883917315 0.0985984184099461 0.0798601027263409 0.0435317293160407 0.0417020587204723 0.0417020587204723 0.0821446940536879 0.334412063613498 0.080182064778647 0.121343111701083 0.273295840218666 0.0862065703661409 0.114158148518697 0.198352755245528 5.55926744683637 0.0268209904795298 29.011491975882
44 0.132623104745294 0.0724628427257437 0.113920495816332 0.0941949374147774 0.0695891180933664 0.0449412990933924 0.0449412990933924 0.0923481357068476 0.323785439825702 0.0847699613683725 0.121356572087318 0.328513011178152 0.100589809696196 0.113386939425314 0.146545000481321 6.26166789669373 0.0250614900360749 29.011491975882
45 0.138069965705039 0.0639462211684035 0.12993240826697 0.098298915152778 0.0605582203330182 0.0442715306694894 0.0442715306694894 0.0922549599784595 0.330263315082019 0.0815106834863509 0.103230841694551 0.42972416412236 0.0793498581479172 0.0980201768785744 0.164938288441988 6.77919425503317 0.0238567378196169 29.011491975882
46 0.103801702759358 0.0762369024953018 0.10190056721711 0.0821116638322699 0.0711234593229588 0.0470140655057246 0.0470140655057246 0.107918770315484 0.333779063729324 0.0878036831395029 0.135992202869114 0.306093248344739 0.104133980736645 0.109920465750296 0.134639938274023 7.16864666094619 0.0246309118422729 29.011491975882
47 0.128128445285455 0.0986692738944127 0.10813301012623 0.107349790440409 0.0584682068765855 0.0574416657083108 0.0574416657083108 0.126971613100933 0.343267193234027 0.0921603763063847 0.103682424199918 0.277952987254699 0.0952629842365998 0.0868743451184312 0.142738096228565 7.5297658487747 0.0238550970772633 29.011491975882
48 0.136515907628372 0.105435273958652 0.110205885790227 0.0975384610351135 0.0637725478664113 0.0570472183973246 0.0570472183973246 0.107215297387781 0.37385043545567 0.0875768685728995 0.112456581169548 0.31195132273115 0.0971986008035206 0.110901466489168 0.156466540811665 6.57496783415722 0.0243513839235042 29.011491975882
49 0.107449699933017 0.0861979278405562 0.0950160431043359 0.0839559825858296 0.0674616419025693 0.0615402741053553 0.0615402741053553 0.111754219002753 0.255792799903007 0.0830618348797123 0.0953076546513796 0.318557260702587 0.0835619301228014 0.110141101212247 0.194061450147763 6.7975857270925 0.0240393196428037 29.011491975882
50 0.109198861152358 0.074963044490488 0.0892763002529606 0.0901868869252982 0.0605649396576751 0.0588555497814308 0.0588555497814308 0.0935234738587144 0.33104096871217 0.0853913735844854 0.112205835271779 0.35251465201289 0.0982870030738766 0.0894928832801854 0.0818821386768669 6.53459326132155 0.0244293973430671 29.011491975882
51 0.109998579712937 0.0862164375253384 0.109792308355566 0.0924716816046768 0.0483849450370919 0.0600876087753617 0.0600876087753617 0.137280840431279 0.348263117538742 0.0907833349204186 0.0836318040757391 0.356800490527424 0.0938159645486898 0.108607344989621 0.155065188884381 6.4901712791207 0.0243588880963998 29.011491975882
52 0.15102337621865 0.0919462541756206 0.119284647173951 0.10240479665897 0.0707383830382296 0.0626919999189557 0.0626919999189557 0.0947617544129393 0.301817078171639 0.0896126571446408 0.0946717506240749 0.375781378251438 0.0910158724785608 0.0932871306980084 0.138156881584755 6.56820471143471 0.0239137232905326 29.011491975882
53 0.110677687818202 0.0774324131581261 0.0984408061366157 0.0894487761823296 0.0579472660454814 0.050761089442173 0.050761089442173 0.114377038186738 0.296002367203713 0.107652394726554 0.0945674146678954 0.323899851632123 0.0802209852335514 0.111757297329206 0.111341579290976 6.61289679644284 0.0226736286099829 29.011491975882
54 0.13335706634728 0.102613150474224 0.112538329607222 0.104756986308112 0.0589856294275022 0.0702141397739693 0.0702141397739693 0.105960649138228 0.296221985150621 0.109828962746655 0.101047071074688 0.331113468380838 0.0851591896221315 0.114654837382643 0.168707684403497 7.53665118677461 0.0213062090822029 29.011491975882
55 0.122189381762947 0.0798795561239977 0.096718671707662 0.0799025603069194 0.062233236171312 0.0533059184409043 0.0533059184409043 0.103891815167883 0.338102339912696 0.0997706362040229 0.109959256228433 0.334293005730193 0.0907543310044351 0.137199590610073 0.141600301148403 6.39520022036729 0.0222806224411177 29.011491975882
56 0.127512098520245 0.0805914101859458 0.1163451438743 0.086087281000638 0.050218101657075 0.0448517230381001 0.0448517230381001 0.0988498405407024 0.303883699281265 0.0976306344088892 0.0969126758455385 0.276509918944613 0.0856982103993619 0.121877703731629 0.138474322800297 6.4251635989076 0.0225541436090886 29.011491975882
57 0.142413271915242 0.0794139346193249 0.117061733663375 0.106010953713094 0.0744848471733635 0.057662527870786 0.057662527870786 0.0908129834228033 0.278383369828908 0.096543536431449 0.108773921126167 0.269708946144959 0.0889341139812156 0.130780910621883 0.158450076900519 6.04136415125597 0.0251372997432866 29.011491975882
58 0.12376601033075 0.0938527705516002 0.0913476847290396 0.0818727047347283 0.0532776072918831 0.0579791056395954 0.0579791056395954 0.109503519538442 0.342869644223025 0.0909298327968973 0.128919141913007 0.358725349366865 0.0938147428217791 0.099563775241262 0.189674287786446 7.01153450833811 0.0208781185295355 29.011491975882
59 0.13426224790758 0.0729875558628831 0.0910017716266402 0.0982754852905657 0.0559734904878481 0.0603972422829911 0.0603972422829911 0.08987218434028 0.331066760139154 0.0923094234036324 0.119320544747254 0.297162189871365 0.0947579331699295 0.115305585522161 0.140464591388539 6.48425443328341 0.0222778596436693 29.011491975882
60 0.121888053369054 0.0824323727605296 0.112141042426831 0.0964780415201607 0.0653938920460854 0.0589839676882429 0.0589839676882429 0.122693754508027 0.450258716634081 0.105436375938078 0.119295727991573 0.315292379201919 0.0805703600252859 0.0841509619565845 0.121408820266071 6.91401738236435 0.0251015110817229 29.011491975882
61 0.117178518204188 0.0780653915908516 0.109610702750278 0.0932520279455957 0.0611565469708714 0.0514916846594146 0.0514916846594146 0.0872677815480792 0.337654489694078 0.0882029599624215 0.113712562098488 0.297353853624083 0.0871332344755858 0.0764292122591853 0.157477368668047 6.22779692551504 0.0213387037511133 29.011491975882
62 0.103952665386682 0.0752208586446003 0.079268829704713 0.0823038960770195 0.0387897002983438 0.0485804821685725 0.0485804821685725 0.112140896385641 0.343944203988975 0.0915885783847623 0.106488537317054 0.324819308983864 0.0930652762389749 0.124695272660392 0.175193054141043 6.31416557184612 0.0223766399432872 29.011491975882
63 0.107504820800494 0.0857035344925312 0.112378726081276 0.0927087284552874 0.0824146211113155 0.0702564218483468 0.0702564218483468 0.0834194448566122 0.290548124686679 0.102132436445415 0.0999454295834283 0.332928197643023 0.103123592072191 0.109991249150042 0.118092538351382 6.98433311712071 0.0241156724261559 29.011491975882
64 0.129131543536145 0.0952301502763431 0.0966151444461452 0.0881734215191003 0.0427684019630399 0.0619326046664191 0.0619326046664191 0.113573988551294 0.28944856475195 0.0918104613607216 0.096369060190933 0.277449598502431 0.0878210523308216 0.0974314326409706 0.14602207442099 6.4182426242577 0.0268277685741223 29.011491975882
65 0.127623117006877 0.0792685491032091 0.100550749447905 0.0849129382777668 0.0575644024148989 0.0479834128832309 0.0479834128832309 0.0826508850921542 0.336143517048818 0.0781084067494001 0.0996249355257116 0.283525897716473 0.0928792665675951 0.0996389326982111 0.128966263096921 6.14172679959049 0.0224102587439257 29.011491975882
66 0.115501328710853 0.0767052392121096 0.0984473454895863 0.0870061538667489 0.0489292725632868 0.0519128582071002 0.0519128582071002 0.0859275415211672 0.30300914290377 0.0894411072529141 0.135020698095476 0.326619075416163 0.0790093665299764 0.107321942612023 0.156585685450369 5.84275429722813 0.0219009910527106 29.011491975882
67 0.122585782037159 0.0894889646664152 0.106580442929729 0.0866826433611544 0.057761771084705 0.0616561975521077 0.0616561975521077 0.0976768785390123 0.314196905574946 0.0865771200399433 0.111413212845146 0.311722962468314 0.10103175020587 0.1131665403543 0.148631342083287 6.04377131575738 0.0215190190719322 29.011491975882
68 0.140226613390213 0.0725319635632874 0.108724811813267 0.097638799670332 0.0413345088117147 0.0437890016813455 0.0437890016813455 0.088426017678398 0.335714923228671 0.108290167715154 0.110303710098329 0.339213943689414 0.0857205129323876 0.105545792070188 0.19468962297326 6.3336443304823 0.0210299659937188 29.011491975882
69 0.111204785693038 0.0748227920530983 0.114896480233597 0.082599269328803 0.0567961586928136 0.0583841429961474 0.0583841429961474 0.0944880803185901 0.321909917982348 0.0852802471652488 0.0964166673816058 0.305778383940533 0.0851804741815491 0.102197581577354 0.15795064843551 5.58374263538192 0.0232503258367523 29.011491975882
70 0.106858808535095 0.076889719385997 0.0919210256032927 0.0807105179845686 0.0516297570958755 0.0494799954641326 0.0494799954641326 0.0910183541569735 0.385584316855428 0.0929765710997499 0.103969581445743 0.285691055156832 0.0864557550378904 0.080427083408457 0.163589806272353 5.77738537906048 0.023579478215798 29.011491975882
71 0.130827922477232 0.0687986429517927 0.105457058017363 0.0958655335637677 0.0504746394470496 0.063632818416267 0.063632818416267 0.0827547365856653 0.33492065670308 0.0843539122453978 0.103690844029686 0.337905925727221 0.091436837263505 0.114836001271834 0.175892012566185 6.31415757315146 0.0184367605997947 29.011491975882
72 0.135316858607601 0.0638752603772176 0.105280390247554 0.108043399162249 0.0632644622944769 0.0622159717229358 0.0622159717229358 0.136252062477624 0.324760677697732 0.0919890757778338 0.0864281820559273 0.312611071478328 0.0981100992947582 0.12241972061404 0.160530966839976 6.42541513024331 0.0206048072256957 29.011491975882
73 0.112014153318971 0.0848598187891942 0.120599328615033 0.0798424254794919 0.0543846264118441 0.0529358798993362 0.0529358798993362 0.118819340963798 0.357211368582412 0.0960047735272096 0.115141061102043 0.35073353668309 0.0890075945591802 0.116496374907848 0.148715616864744 5.73286643623917 0.0200803153774179 29.011491975882
74 0.113710000510747 0.0780752770065216 0.102514795905101 0.0731845714480724 0.0450948303863146 0.0512941775907315 0.0512941775907315 0.0877499060091175 0.307232383346031 0.0809929549544501 0.0787719901434928 0.378088996675155 0.0865654255071178 0.10930645739405 0.197113866964077 6.20560190066161 0.0259235959751503 29.011491975882
75 0.121780590825222 0.066061376098464 0.121498514597606 0.0928809281037074 0.0665159035204411 0.0483867261827281 0.0483867261827281 0.0781993125788577 0.281838496580453 0.0824182459689828 0.100987373683846 0.355023702302496 0.0792874932575102 0.10801494538664 0.168335221497478 5.55845883734553 0.0230324211545904 29.011491975882
76 0.117949268845243 0.089093607139594 0.113005318394764 0.0817736934092854 0.0682789604728499 0.074420322624436 0.074420322624436 0.128192249883297 0.325516415505551 0.0879967962591391 0.107818445780229 0.3296399714105 0.111352119419187 0.0977851519913274 0.159513413613098 8.03562773722832 0.0229524513996332 29.011491975882
77 0.114227823192026 0.0871768096411099 0.100386222382405 0.0941939893148916 0.0520240244752866 0.0540182691846865 0.0540182691846865 0.121219475885096 0.340959323085369 0.0990043233135302 0.0926527190486347 0.358850740013969 0.097451470087563 0.092526538573023 0.169684905754106 5.36237358872454 0.0246935127251485 29.011491975882
78 0.113431333601589 0.0814774015626984 0.111420392600256 0.0866858494918543 0.0465627736954831 0.0608891159183625 0.0608891159183625 0.0995265886836548 0.334189850567226 0.100235932536835 0.126111092897052 0.301268403274391 0.092035109009686 0.110078001064878 0.15177861837283 7.06249161973222 0.0245187389685127 29.011491975882
79 0.116953092486875 0.0925857036970615 0.102495742986608 0.0779957452965567 0.0515383273667014 0.0517970155969533 0.0517970155969533 0.12395473558006 0.306875326384923 0.0921514215656915 0.109122372397457 0.351676781572906 0.0904199748740577 0.142095701738378 0.174475694912594 5.92596580373788 0.0245825115425046 29.011491975882
80 0.122769625655065 0.0667742294145321 0.106170677561763 0.0777357378537219 0.0613012370026762 0.0640440157470289 0.0640440157470289 0.10670897637516 0.321021311117403 0.113418645105213 0.134380802234887 0.328996329167321 0.0991013672275244 0.107930673724689 0.144816803736245 6.65164216072568 0.0236895296097519 29.011491975882
81 0.112954906926333 0.0873102144090107 0.10935083980646 0.0900648262458612 0.0678542677837437 0.0631037097421326 0.0631037097421326 0.133062671504189 0.342215215156427 0.0869217893801162 0.0945046035438 0.321917949362312 0.0971255538107677 0.106385400431867 0.0737998620363493 6.66590904786012 0.01989295850244 29.011491975882
82 0.106233111010304 0.084211821562945 0.0964925593771195 0.0903488189634694 0.0570976501883695 0.0495239204759327 0.0495239204759327 0.124332249831294 0.325896932547057 0.0822893586093911 0.0832211866939426 0.331069980475277 0.0848141828451934 0.109118738357827 0.136695573187337 6.7895939391532 0.0242735359075382 29.011491975882
83 0.1451468586232 0.0766210224205963 0.118139122321289 0.102221011485648 0.0696074048553404 0.059241010437955 0.059241010437955 0.114401411396803 0.287428317037329 0.0927967770943907 0.0887695395649501 0.270303111175567 0.0853972124774236 0.0880353591655043 0.14136278215274 6.88972298632411 0.0256311614913164 29.011491975882
84 0.117238552061629 0.0874323634691616 0.112691640740754 0.0862192272221323 0.0622853786586398 0.0595437591230498 0.0595437591230498 0.128246410487376 0.325300087252966 0.0953127929344676 0.111360905094454 0.306162687013569 0.0922095800820707 0.0940764470404028 0.192632997131095 6.92546173204504 0.0230293373501688 29.011491975882
85 0.130543655089489 0.0715318089959412 0.117151203368518 0.100576357081615 0.0562937593316832 0.0518854788456631 0.0518854788456631 0.0921583054968487 0.286271181654678 0.0793606133502513 0.137839429635383 0.284852615067465 0.102290272624903 0.105325137496469 0.121504127261899 6.18335987905761 0.0257154568736824 29.011491975882
86 0.139099746881588 0.0767464485504353 0.105123085459731 0.0985544950413367 0.058855962866525 0.0514730872291533 0.0514730872291533 0.0790766937492642 0.343860897311609 0.104877016379989 0.102824560198374 0.431325908292241 0.106746002190141 0.125866980987812 0.149908530299314 6.11851800898409 0.022155556568696 29.011491975882
87 0.106255654702618 0.0769319427695568 0.0869540430871325 0.0752746230114968 0.0390415587760449 0.044422378813528 0.044422378813528 0.106612734875842 0.36882235251062 0.0892311124495222 0.123050792094538 0.321517253256963 0.0942985167084265 0.108006567824349 0.157914397008335 5.93571623923577 0.0221161277365774 29.011491975882
88 0.111632364388919 0.0720003223924398 0.0974583973204296 0.0958227278421192 0.053447484980201 0.0501146598267083 0.0501146598267083 0.0691377493031077 0.265686030498984 0.0837289498677898 0.0979922535580444 0.299251797094809 0.0875796843314945 0.114531117952244 0.110888475025308 6.44067723398116 0.0246854453498658 29.011491975882
89 0.110596314205009 0.0741845617660582 0.10304559239163 0.0822735673518478 0.0646607368435099 0.0412677805189251 0.0412677805189251 0.0896327148752954 0.35535749001743 0.105977529708645 0.0960951677835752 0.318066416240658 0.0893062280884763 0.113597435607685 0.175228179086978 6.82283746773372 0.0205930231148829 29.011491975882
90 0.108691349129685 0.0786477829351114 0.0961345466438111 0.0894767622724498 0.0547624681732336 0.045796263900271 0.045796263900271 0.0771023900973386 0.400526521856154 0.0945483459633572 0.114384846538242 0.350629980748153 0.0989863010754597 0.122434720250962 0.179193781916596 5.44031898945923 0.0258367421993321 29.011491975882
91 0.1426414302969 0.0763608279481745 0.0900747301535486 0.102943366670535 0.0500971035895445 0.0479034471928204 0.0479034471928204 0.09220388821922 0.306215058707636 0.0947764121073466 0.139571873736043 0.294173156520902 0.0950458683444949 0.0897332461652626 0.100066568450287 5.86046504170535 0.0235618008563853 29.011491975882
92 0.123909655816825 0.0833866678370666 0.0979981249101484 0.100153335167639 0.0506800496709644 0.0577341821487983 0.0577341821487983 0.123234447613198 0.308226248671264 0.0962567642307022 0.099281428810026 0.365686283383916 0.0830549331308663 0.116796574633876 0.0779978632981977 6.27787521154388 0.0221479187065129 29.011491975882
93 0.135135142576596 0.0898108033187597 0.108934588591991 0.0895625992357003 0.0510611992436445 0.0582518197114586 0.0582518197114586 0.131350902733741 0.318577477419125 0.0860777678068978 0.102924864647313 0.293061772313611 0.0927892585565831 0.12727026447818 0.119923108630414 6.61656171201394 0.0253194115454941 29.011491975882
94 0.136697896273958 0.0842302860023243 0.0924512595045717 0.0864930478247304 0.0486267909938886 0.0540024009924879 0.0540024009924879 0.0864136954123299 0.338213049934142 0.0949050735359901 0.119753262698077 0.294117313247278 0.0908929483001643 0.0966042711457097 0.135772352680121 5.86269665949144 0.023313032294137 29.011491975882
95 0.12736454280858 0.0775877159400992 0.0884562244170841 0.0822979474261727 0.0519429284495269 0.0563936216056974 0.0563936216056974 0.10489876553402 0.410357017454151 0.103063383445734 0.11147612522804 0.327718074144636 0.0897343323451649 0.141241479690347 0.195615760428407 6.36956145517987 0.0266323643014064 29.011491975882
96 0.123212671301438 0.0863096334489981 0.123738789790105 0.104324749296505 0.0656409230773912 0.0574166458712331 0.0574166458712331 0.0765003183116218 0.359605413603525 0.0949286473617562 0.111860777408953 0.335212896027567 0.0857578959335923 0.0967132361260448 0.0599578816994232 6.642349590379 0.025009732953877 29.011491975882
97 0.125921254856908 0.0721434120297422 0.102054422748391 0.0962298637349986 0.0674624042153969 0.0723118183118758 0.0723118183118758 0.0720956606666882 0.330999199006307 0.0887184655223699 0.100950046461196 0.297649597064788 0.0941333604815009 0.126576251465438 0.156776241563369 6.92425833828819 0.0214266867256794 29.011491975882
98 0.122403483623991 0.0716781210561794 0.104279683226014 0.0834167804066669 0.0630835473811132 0.0577533010556925 0.0577533010556925 0.0580650933142945 0.284576833614268 0.0892571418287045 0.105057487216555 0.326246132670136 0.0831435843187185 0.123111055576253 0.126215419975418 4.96219037657095 0.0243975905417405 29.011491975882
99 0.11952055854343 0.0894960537218462 0.0997953703599951 0.107321222872292 0.0560409057100191 0.0597143290299068 0.0597143290299068 0.118950766678201 0.330344370868357 0.106399473092914 0.108060399270584 0.275357927398049 0.0979841817814602 0.0949947714845188 0.146942091970782 6.33951054415039 0.0278398536184181 29.011491975882
100 0.126275666169068 0.0951569213021027 0.110796036457887 0.106622532395201 0.0579531887716948 0.0676871761038307 0.0676871761038307 0.104668960878459 0.326566360951415 0.0866398292057687 0.100072321504962 0.304981587698103 0.0971724246187996 0.105685702955545 0.121897411059055 7.7220071185796 0.0197844444557901 29.011491975882
101 0.111983360450048 0.08140870339426 0.104209262191682 0.0776252417087722 0.047817478599914 0.0559094614685521 0.0559094614685521 0.106115127121051 0.36537206679244 0.111416667331495 0.138537530551881 0.329819455063977 0.0925767290220468 0.146234985713528 0.138005811233551 5.1005644369773 0.0243534967310713 29.011491975882
102 0.122021882635626 0.0760377762460611 0.0954723708788211 0.0852292618642688 0.0467612747159983 0.0473104181030055 0.0473104181030055 0.0928426503674005 0.325430996613972 0.0775585061600467 0.109493568116373 0.329367319827632 0.0985215907714063 0.112405783060882 0.0970966197255023 5.14932573795401 0.0229923543506501 29.011491975882
103 0.128263782764668 0.07324694237099 0.111076390184541 0.0925465871614371 0.062673296296686 0.0593606767061861 0.0593606767061861 0.0788771731462471 0.301634644727605 0.084101346481741 0.0996542582222793 0.318013876067705 0.101685074344537 0.110611189149916 0.0881596266166093 5.94758248145727 0.0201786684797625 29.011491975882
104 0.133684721442293 0.0869965053652411 0.121035753275843 0.0973628030644096 0.0650714933834715 0.0541077985392194 0.0541077985392194 0.0818788155075097 0.279108033967651 0.0882699272495021 0.0957632750799238 0.319401555835356 0.0836234407082677 0.0938944424288023 0.147837268462218 6.4803977930028 0.0207316305449066 29.011491975882
105 0.147400135016577 0.0817117317655785 0.0973759208346485 0.0986007052216781 0.0635316850923589 0.0590643400333405 0.0590643400333405 0.117109335609893 0.320306872712728 0.0940329911671028 0.0969946083712013 0.310794295760356 0.0962979013022562 0.12088774680151 0.11798411511246 6.61644721413039 0.0222022811413329 29.011491975882
106 0.122152765919489 0.0837921330680797 0.113324112184666 0.101848270024942 0.0656889895325134 0.0615653708709931 0.0615653708709931 0.10017300967829 0.332138329369239 0.0764587537910272 0.116036770541871 0.345574925727974 0.1131730580676 0.113540503347384 0.142374427405928 7.15838139822294 0.021202784741823 29.011491975882
107 0.10689599638078 0.06874930216623 0.103598593312654 0.083053306619321 0.0573065248279514 0.0642438417619986 0.0642438417619986 0.105271821610125 0.273707364113621 0.093365929389941 0.103108127756072 0.379365511694966 0.136488492991709 0.106812312021304 0.167985239719096 6.43126046052491 0.021990356012938 29.011491975882
108 0.12157154809632 0.0724589428021779 0.10956528973954 0.0974707696857036 0.0520021010298447 0.0593668491409007 0.0593668491409007 0.0829141532624256 0.285560275091899 0.0959898231793693 0.115815939549144 0.387099090093995 0.0919442160895158 0.11733718013362 0.125930573119233 5.50202901049451 0.0260602933385043 29.011491975882
109 0.1330129830401 0.0903723110475731 0.109958559539287 0.0849579567227693 0.0672818498518356 0.0655696115589636 0.0655696115589636 0.107090886549323 0.318587156518064 0.0870001916103884 0.110502338375716 0.33189043728814 0.0836746136873512 0.118892864216637 0.161647003636325 5.86097347724848 0.0198554593922369 29.011491975882
110 0.115972544264952 0.0806303624822462 0.0941124809082385 0.0919866374435625 0.0463386294183217 0.044050294015056 0.044050294015056 0.0874532236482913 0.299852922822358 0.104932047706425 0.141805796266942 0.316787351973497 0.0855353466283847 0.106842201434231 0.158573637124983 5.27184248933172 0.0233665348200145 29.011491975882
111 0.121226067445083 0.0772159687993256 0.105351019717381 0.0844910916425733 0.0689389386053563 0.0649915168312495 0.0649915168312495 0.107442534330743 0.33803742069271 0.0886865151190605 0.114185249882013 0.381616390034092 0.0977456455230108 0.11043961938634 0.104704034544456 6.92350702281362 0.0218017206947645 29.011491975882
112 0.124198820816878 0.0713130033172556 0.114048448494694 0.0885774349512185 0.0710441404543125 0.0704184514775779 0.0704184514775779 0.0694117686946431 0.284373932464018 0.104415910049906 0.0917684256726668 0.29032885221212 0.101670721583616 0.100246387214893 0.165133074775468 6.1089105312476 0.0228918736408333 29.011491975882
113 0.152519511171965 0.0938440357275922 0.108555297612524 0.102970516981573 0.0614349927622765 0.0678505392388554 0.0678505392388554 0.122110893031566 0.297530128344114 0.0953253760261809 0.0954944249783499 0.328164484833566 0.08724385958592 0.0828094970168248 0.182648387358586 7.21435157771429 0.0236701208533485 29.011491975882
114 0.110192923235431 0.0799700963535166 0.107006943930524 0.085426770270913 0.0607803641796024 0.0529811063969844 0.0529811063969844 0.105194225518184 0.363324131790313 0.101165338966813 0.130117958774649 0.304568809549843 0.0947800461399619 0.113820901543013 0.126358367837491 7.27205110493094 0.0248720336031366 29.011491975882
115 0.133370934240154 0.0721275043562526 0.109860030366914 0.101232252720575 0.0778941352750345 0.0759009742600748 0.0759009742600748 0.0995300138213609 0.256643236158681 0.0933490673727172 0.10709839396632 0.317844372351769 0.100271101960382 0.120882160950371 0.121827914195157 6.52374063855944 0.0212371618973568 29.011491975882
116 0.143801225887286 0.076931277048252 0.113849734502811 0.0979525003063353 0.0688879825523069 0.0700732379294834 0.0700732379294834 0.144657262084776 0.253448677740583 0.093546994649734 0.104756164850502 0.298975298080905 0.0888669248884696 0.0971688695821323 0.163863542622605 6.98826577813542 0.0215060920427095 29.011491975882
117 0.0963861202779399 0.0870214480049877 0.101795861319168 0.0870654874380929 0.0683224969403624 0.0502316176369469 0.0502316176369469 0.0972717041979534 0.372290347216113 0.111146039186732 0.0911238772848107 0.344599197010882 0.0870143712397159 0.0810113176769911 0.147168010038118 5.30008576259942 0.02463885614884 29.011491975882
118 0.144253811678238 0.0809750057003554 0.127784987220327 0.102917022254433 0.0609300088585309 0.0659383585391632 0.0659383585391632 0.0867864920963761 0.309284129247982 0.110097328160704 0.103234761291598 0.361168984471987 0.090000508301667 0.100253638130309 0.172184699657152 5.3888305734635 0.0224733287487747 29.011491975882
119 0.106722920870248 0.0605087438201412 0.107358776904026 0.0822432703626808 0.0565382871144725 0.0465425507749558 0.0465425507749558 0.0996472599197358 0.345514622976118 0.0860935538073523 0.0936963142645054 0.347337007594131 0.0955559979433875 0.098982116575447 0.209986266733863 6.29634333513821 0.0217623034979148 29.011491975882
120 0.114755658928784 0.0877435034615464 0.11537609631709 0.0942131366319745 0.0690521614366368 0.0599166846332823 0.0599166846332824 0.0768898416806656 0.32120275982056 0.091737511644015 0.104371586467256 0.318117931222762 0.106569789245736 0.0913955392395481 0.165175420657863 5.99069986299471 0.0286417703730236 29.011491975882
121 0.125676192375813 0.0877634486564854 0.102000299236642 0.0889265854534255 0.0579587028534423 0.0613410521691595 0.0613410521691595 0.0842823588845626 0.409670485003878 0.0925169715484802 0.101177469606483 0.350355881112064 0.0924870798437836 0.102075727124791 0.163478443483727 6.26644100173957 0.0235598314205696 29.011491975882
122 0.123769249749878 0.0819427085965359 0.0973476454899931 0.092295601546582 0.0618761299067301 0.0713247810968974 0.0713247810968974 0.088252873004983 0.371757814873474 0.098578824935481 0.103112438552225 0.268744796379611 0.0905227864704703 0.108286993496605 0.100145616267333 5.78699342744511 0.0246056139401913 29.011491975882
123 0.128237520338427 0.0776880886099871 0.118763817007112 0.0888452608608005 0.0605348154783092 0.0641098291759191 0.0641098291759191 0.0993808534776122 0.269684658155801 0.0897553769968284 0.104906490157273 0.288179106282949 0.100512819931163 0.129809534850286 0.139743255222317 6.2788646596452 0.0237117049048555 29.011491975882
124 0.107601857509013 0.0915558026769355 0.0850687739569857 0.0821317964409786 0.0413567010828945 0.0531259911902941 0.0531259911902941 0.104308659446334 0.317728830739238 0.0774709974882011 0.1099109843713 0.345365652912503 0.108873690513798 0.104317787437834 0.0942722360765492 6.83374721584732 0.0230475463756859 29.011491975882
125 0.140715079000056 0.0828293252871919 0.113793129288277 0.110139908129937 0.058132913720586 0.0583881616568062 0.0583881616568062 0.11798232840147 0.303188813009748 0.0994623756456633 0.116598845431608 0.282578017675521 0.111831595306694 0.110571187194002 0.144901868729051 7.60114292309872 0.0192212496834607 29.011491975882
126 0.108783127061097 0.0708003837210298 0.0992612443142119 0.076765246124296 0.0560637547345122 0.0588257323157719 0.0588257323157719 0.0963795125907354 0.324266385431764 0.0843425147507247 0.0766625939049425 0.277189072354588 0.100124014825219 0.0957311584954832 0.144866181283607 5.38756518158793 0.02419318033553 29.011491975882
127 0.126427680669044 0.0760573926256414 0.116111778284832 0.0906663565169872 0.052687398256238 0.0626023375144194 0.0626023375144194 0.131371734608261 0.330169964208414 0.102015805655174 0.101069245958811 0.34440168492291 0.120137905385316 0.123595845509622 0.113408817391113 6.15536228409708 0.0236378799533052 29.011491975882
128 0.123582267178675 0.0898898026721101 0.104441605154249 0.100043826744797 0.0547343061062702 0.0594216294304048 0.0594216294304048 0.110688300277509 0.311598147147832 0.101162299689223 0.0924403641242534 0.344621010047859 0.0944535033712077 0.132442948052804 0.160404504429398 7.01717949612293 0.0218594425197151 29.011491975882
129 0.142129214831825 0.0696605062633109 0.114243708644523 0.0927362846108999 0.056910946741021 0.0564187452724301 0.0564187452724301 0.084892064807574 0.279328814116778 0.0964792968291402 0.101305581103999 0.340265566943059 0.10091117547309 0.124573656326572 0.148907259102899 6.56393574962861 0.0246810973349356 29.011491975882
130 0.116599109311654 0.098455738546241 0.0956097971845309 0.0902018682930849 0.0454389008080095 0.0580556230862821 0.0580556230862821 0.12173027242911 0.282147972194998 0.087784908144959 0.106247145087093 0.313258674986926 0.0935929576745126 0.100650729281685 0.148487119662426 6.72083298108173 0.022853894745765 29.011491975882
131 0.12208929293162 0.0838354714383343 0.103794799010454 0.0948684578003489 0.0470469883470407 0.0515981325135483 0.0515981325135483 0.0973902213299768 0.342339906775261 0.105754205919753 0.106210158466734 0.289186149238264 0.0988863104606168 0.114121465218518 0.1390784735294 6.53409859463755 0.0227381337684676 29.011491975882
132 0.139769714784212 0.0841762238873685 0.106633215132775 0.107624504658635 0.0588598826357625 0.053276675070209 0.053276675070209 0.0723784942658668 0.340309594154756 0.101545281892783 0.0962576721392149 0.324022082052943 0.0940553653366815 0.125756163103396 0.156706402775222 5.75088047716402 0.0198525339959564 29.011491975882
133 0.144527801170327 0.0875199245525921 0.105438342408355 0.0985399771725982 0.0731656701961032 0.0726612783659532 0.0726612783659532 0.11141416838124 0.389966164628985 0.0963692694319283 0.0912946044309405 0.28857046773156 0.0985633799991668 0.0985089856433327 0.110728621656387 7.27397464050481 0.0207511104729021 29.011491975882
134 0.12636530985197 0.0723768229723162 0.115949893401107 0.0978420932421732 0.0487058274023092 0.0646949537813909 0.0646949537813909 0.087467460344059 0.284334998657233 0.0986447173976932 0.0957045531665408 0.433316328437446 0.10458761067875 0.107575794393583 0.149929934852292 6.76067057817985 0.0211658166138066 29.011491975882
135 0.118032475885398 0.0866301449773962 0.0999300449754111 0.0906745734852386 0.0492307716203915 0.0630973928954366 0.0630973928954366 0.0868907805199721 0.378512775995679 0.106336019907744 0.100944549547587 0.329930698323201 0.0897831123930347 0.110017972366082 0.11772074537904 6.73225313867745 0.0228817088743411 29.011491975882
136 0.115642156731807 0.0767470517719642 0.106614861403301 0.0948786865695046 0.0464075338556695 0.0566120787011901 0.0566120787011901 0.0891356466609721 0.363862906652081 0.100000852173312 0.117541879356106 0.300284693641119 0.0814354392006429 0.115119153293878 0.161874739256286 6.90684772197458 0.0191777142074394 29.011491975882
137 0.130906050718334 0.0686858005746164 0.101606934238411 0.0885620292490323 0.0466557221242531 0.0534409671929656 0.0534409671929656 0.0965958018358414 0.363667473502088 0.109127204136967 0.115429330032438 0.377427426644703 0.10056802807635 0.139481593470429 0.16620456198494 6.43615890218237 0.0247493878099984 29.011491975882
138 0.0946197390667619 0.0707962908740533 0.0784630508162353 0.0825086677529828 0.0414276811918682 0.0389766638238755 0.0389766638238755 0.0664882217086667 0.296151208276991 0.112098642849188 0.139110720536456 0.273664227181602 0.0918774268218317 0.151176236739242 0.141331286682521 5.51284084129173 0.0226615830974989 29.011491975882
139 0.112322836049582 0.0627046442906941 0.084208533503867 0.0835386496954905 0.0420187540804673 0.0438566099993701 0.0438566099993701 0.0611363025698244 0.293872736035952 0.0977833356525668 0.130451306394132 0.310360214598044 0.0896966220501475 0.117182473690101 0.0570313270898252 5.19712430196748 0.0239467396190763 29.011491975882
140 0.129646294510038 0.0777331291610902 0.115017726617739 0.108019301339033 0.0610844972811492 0.0621847422719532 0.0621847422719532 0.124574328022578 0.334190908873345 0.10964886851499 0.105448338441419 0.270996143110798 0.0883140954392017 0.114995575488147 0.179136976773105 7.11932212185595 0.021974158376685 29.011491975882
141 0.136028446882966 0.0784944310047558 0.113695168217737 0.0883531616995146 0.0581412620136006 0.0474178951887675 0.0474178951887675 0.0805874439648455 0.325988373056193 0.0923544706650797 0.117811980023189 0.287470710422636 0.101309648557518 0.0954124793251833 0.172504098239795 7.31498393019355 0.0228641132950236 29.011491975882
142 0.0994147441051206 0.0722714730204713 0.0939092380016091 0.0824820118572387 0.0546968746961786 0.0412614895367332 0.0412614895367332 0.0952621993993518 0.331624221729516 0.100688860861047 0.15154884647732 0.309372064291723 0.107204258203047 0.114939267877218 0.13614184596713 5.42441171227281 0.0244671883975419 29.011491975882
143 0.124076934419987 0.0657152672795013 0.0877592689312032 0.083899003332294 0.0477142783187892 0.0485242217255541 0.0485242217255541 0.0788054007927018 0.318984967267609 0.101118056044377 0.119137074163598 0.3793884448152 0.0765460248126135 0.106521485802371 0.138242842316216 5.73047849994953 0.0241771137293687 29.011491975882
144 0.115288592662891 0.0751393800393164 0.0961258215563413 0.0839704303293888 0.0501772483365843 0.0523237326570142 0.0523237326570142 0.115035658034701 0.331464022191365 0.103770061991798 0.0939612476136148 0.3509998427044 0.119810166046393 0.0983085303690464 0.104062386083156 6.58329689287958 0.0216943151097426 29.011491975882
145 0.139491036901449 0.0734838160431142 0.104394136794797 0.095304173539402 0.0481766114947257 0.0446179093164965 0.0446179093164965 0.0610282408526274 0.331815846681015 0.0924435882268848 0.110790396568432 0.256605836347957 0.0983989715178474 0.124946600736206 0.134655100517585 5.205465270931 0.0236357031764757 29.011491975882
146 0.133309284025471 0.0752329585848601 0.116556547072045 0.0865487711143057 0.0697989211403525 0.061677011459936 0.061677011459936 0.128225367902806 0.276309225285516 0.0986655456964161 0.117318246758708 0.251567550020747 0.0916165038385832 0.105835002631416 0.123971032109184 6.19751497934389 0.0218855494042821 29.011491975882
147 0.122695015075035 0.0792870460525875 0.107774438670662 0.101065960176542 0.0553065961074361 0.0683978185216323 0.0683978185216323 0.101738167347543 0.332925838130487 0.100862850494216 0.103005273342594 0.294826562104892 0.102091033861328 0.108417060304989 0.141876580690526 6.77338821261471 0.0216374511652665 29.011491975882
148 0.117032098060777 0.0881936467522769 0.100356114171589 0.0889869404602001 0.0601759205095272 0.0582292951021897 0.0582292951021897 0.0890347632565996 0.283105465036504 0.0886005573617234 0.118470885652593 0.32989139180392 0.0900638645174611 0.119565395908182 0.146303914530206 8.10162722151319 0.0214484789081824 29.011491975882
149 0.121959816231215 0.0716388328070749 0.106915564253521 0.0961070279821533 0.0609181399877052 0.042215160304921 0.042215160304921 0.0846555769209748 0.342333918079462 0.097954881478167 0.105983800263169 0.357345395447447 0.08587827162445 0.0914322259614023 0.112235762180334 5.11811005206516 0.0223361599296755 29.011491975882
150 0.103132079611988 0.0770802094081456 0.0894503384120526 0.0764567664869177 0.0465293938382699 0.0492697852170517 0.0492697852170517 0.101399029666066 0.328552423294043 0.0927723017210235 0.111410096428915 0.318828379631694 0.100887541848207 0.106981537566039 0.221188687306663 7.25436824167746 0.0233005180503383 29.011491975882
151 0.128140204022701 0.0658194272139013 0.103910026559836 0.0883439592311393 0.0559994510248556 0.0535819383645554 0.0535819383645554 0.0837751386865845 0.320800617100246 0.0878728243036481 0.134081700419931 0.258780652871847 0.0873005272837526 0.107779834140456 0.170666188269377 5.5891670111733 0.0205440368354165 29.011491975882
152 0.121641840347204 0.08314059204556 0.0980548116971 0.0840108985429853 0.067006306571895 0.0602203741907117 0.0602203741907117 0.0792676160627506 0.295245344284856 0.0903844712507257 0.118974984504602 0.289010484259792 0.0959992465659111 0.135553340553535 0.178141029062799 7.07646547623626 0.0220430450104638 29.011491975882
153 0.137359550612553 0.086328114971423 0.108659284773331 0.0823014449483194 0.052596117595223 0.0539905895315617 0.0539905895315617 0.123362859147589 0.320360732916803 0.0874506721986956 0.0948606013091602 0.302799808691671 0.0955532308819287 0.115600038467312 0.156390576028315 6.26398233933292 0.0234031827888102 29.011491975882
154 0.114731062498903 0.0737759829976506 0.101355584559871 0.083402101917501 0.0604894024453066 0.0702465804168905 0.0702465804168905 0.139474579992509 0.325733328964907 0.0948471927549179 0.120624271524864 0.273339605011619 0.0961638012254954 0.0968879295884547 0.1174213639636 6.5252501016351 0.0232913583489107 29.011491975882
155 0.118918005056855 0.0593110105783516 0.0943352435042903 0.0962923223137077 0.0474675471636251 0.0537645707044338 0.0537645707044338 0.0696097344330352 0.289446309192076 0.089925321230751 0.117022763777314 0.360795190031448 0.106627654910967 0.120477723462557 0.142545381042591 5.93802164109403 0.0233887329345313 29.011491975882
156 0.111439004650516 0.06744004537426 0.102984429439866 0.0858784254372887 0.0603713434992875 0.0531888295454626 0.0531888295454626 0.0639593090306388 0.299470660502763 0.0786257978285403 0.106452539558458 0.283077745352998 0.0818181850203946 0.0883566782189748 0.160810196009492 5.04288677948525 0.0254094127751067 29.011491975882
157 0.153756204209577 0.0720588781118502 0.113634160481141 0.0916389511287984 0.0655293682488073 0.0594097621176609 0.0594097621176609 0.0791138189905082 0.339773311932192 0.0992811285840012 0.121083972201312 0.315365989343747 0.0924117302904804 0.0981930312600165 0.162641761024701 7.04877666870305 0.0209263981949628 29.011491975882
158 0.138362181771093 0.0627049881887707 0.12138617079307 0.0983114025357197 0.0687985140248935 0.0495937082462698 0.0495937082462698 0.0736166996751132 0.368439396871091 0.0848331711598968 0.0970857889356286 0.338328912910848 0.0955216355313055 0.108840018575952 0.158786159986576 5.91982630102805 0.0228120892103598 29.011491975882
159 0.131777429309507 0.0752296043701101 0.0947747516242372 0.0996793723841314 0.0620068169922051 0.0576426820043027 0.0576426820043027 0.0923743423221555 0.297402980759998 0.0929215871803226 0.100077764374024 0.310755405357339 0.100708568712455 0.0947628198321948 0.134869036066668 6.08142560373284 0.0208330909076804 29.011491975882
160 0.141811948048796 0.0869022819364329 0.117700113856852 0.100531745022229 0.0686041197767621 0.0668989573078253 0.0668989573078253 0.092679417287872 0.356549707884003 0.0839507951387672 0.115074380305425 0.395812447702732 0.0926243005180665 0.10832171148965 0.164584880067193 6.02703505176065 0.0254016224726379 29.011491975882
161 0.114463777202097 0.0764539888259547 0.0940395095650241 0.0748957687196238 0.0581897215256856 0.0439501859477728 0.0439501859477728 0.0750695861016112 0.351842736259019 0.0898929781393887 0.127149293148675 0.322957759838701 0.100258062452388 0.10393260399202 0.178469170186705 6.36336579511379 0.0256774254310606 29.011491975882
162 0.123448506119636 0.0719362858847865 0.0988243034426453 0.0922185338766066 0.0449985374804233 0.0596162422157675 0.0596162422157675 0.0799121261076261 0.271743323114818 0.0927867868888849 0.129307369225774 0.338365440976129 0.10544776085307 0.120775405013996 0.186191598082289 5.7471995815617 0.0197371617907833 29.011491975882
163 0.138744763685677 0.074757964996182 0.109227997006953 0.10070126595973 0.0615693029017018 0.0619699558842191 0.0619699558842191 0.0626817232196409 0.326998334836517 0.0876351421901362 0.120080269325895 0.307448762430739 0.0846399495143657 0.110004852686768 0.105000454159702 5.47515969971413 0.0195138354181661 29.011491975882
164 0.133844106429959 0.0742158670671654 0.111734431561617 0.0946143790694668 0.0710589600854005 0.0538115853728692 0.0538115853728692 0.082860846583463 0.284007551808374 0.0883173208875426 0.117174358933926 0.315380788917099 0.10083780491479 0.0859970511948843 0.183401109265876 6.37877636218639 0.023685371929407 29.011491975882
165 0.130034837064291 0.0670919323216013 0.117909576117773 0.0980032958783176 0.0632085391681965 0.057924679897661 0.0579246798976611 0.0675351933309196 0.290613805200107 0.0897050968730569 0.150701717464799 0.300184929887381 0.0731994886852566 0.11101801980542 0.144651055011723 6.6588135564677 0.0239219057718564 29.011491975882
166 0.10670496820021 0.0840891425581558 0.0928921770488818 0.0715731061114659 0.0442958562537513 0.0598372576168325 0.0598372576168325 0.125457202314584 0.300976202388209 0.0939462711285713 0.097058563130429 0.293933889147997 0.0877405954144194 0.104214270759568 0.105707698875322 6.73843191302432 0.0202786615969007 29.011491975882
167 0.131562424032967 0.0780799813776194 0.105507042832511 0.108227719230345 0.0496766129549487 0.0602144136278627 0.0602144136278627 0.075954017854612 0.350276115997732 0.0823778431368219 0.107732321995465 0.344386556140368 0.0904671007716881 0.127443698711005 0.12746205233851 5.81168276540079 0.0245197688744524 29.011491975882
168 0.15220968890753 0.0847509782101774 0.123452622927286 0.100104390439121 0.0778238425400944 0.0572336766214859 0.0572336766214859 0.114103181259294 0.418127891022575 0.107102296486733 0.11707616103303 0.417402861237538 0.0806302029986128 0.0957730893991913 0.1508972617352 7.28635087618686 0.0216579819424198 29.011491975882
169 0.136946607633539 0.0809862035503366 0.126805099917021 0.100806892052699 0.060326042504306 0.066611271107279 0.066611271107279 0.106758780716581 0.304096957587524 0.0897707535601621 0.1130849861142 0.247569571218972 0.106153900000577 0.103407346846343 0.165432083533996 7.21740320966683 0.0217692646600289 29.011491975882
170 0.120982558384415 0.0705885460700265 0.111914323501239 0.0960336712798718 0.0578188401993553 0.0506677770567682 0.0506677770567682 0.0821406771209331 0.295067563906365 0.112556954637651 0.106803127130936 0.332477186566307 0.0881508283528772 0.118831000430618 0.137105548082275 6.33153882072785 0.0217180480502072 29.011491975882
171 0.153161205654373 0.0604380615112455 0.111972825300116 0.099450589502999 0.0572623359554562 0.039078691590027 0.0390786915900271 0.067468637787472 0.28307186524236 0.0929205726130527 0.112253762993934 0.319116485683429 0.0971925157000882 0.0943811948117698 0.148397768090642 4.66505383385093 0.0264127470565011 29.011491975882
172 0.107667975414605 0.0664397497324648 0.10485430268638 0.0745729683629096 0.0501594105312878 0.0447709920870741 0.0447709920870741 0.0874107974509386 0.285766349269113 0.0822508554265137 0.147064871708551 0.279784045437972 0.102276956051061 0.143495386834453 0.164805609943535 4.90532590377257 0.0232538690166265 29.011491975882
173 0.114306954632502 0.0730890774588273 0.101436310753932 0.0897224725424251 0.0537564781094556 0.0642122524237737 0.0642122524237737 0.133974772349733 0.366520189060412 0.0887067231626538 0.112910854170204 0.332171558639541 0.0888460188608086 0.108215883969652 0.158186546832302 6.31957037281568 0.0210255376226919 29.011491975882
174 0.114311322716501 0.085226190776373 0.0947284159612994 0.0872728243947182 0.0567578750689863 0.0570068661453381 0.0570068661453381 0.0940570492917654 0.303854385056051 0.0989458492824247 0.103189633316388 0.337533705065752 0.091837911091474 0.111762081170932 0.155646297985562 6.25246618010312 0.0242431391940029 29.011491975882
175 0.12418991836424 0.0904380131414272 0.129447417815845 0.108111735576221 0.0791814958611899 0.0614129426982596 0.0614129426982596 0.0900337175315899 0.331305317610585 0.0988325448916586 0.101142935975757 0.327865996009238 0.0796298041576759 0.0935066751585486 0.199414435173682 7.52649193237333 0.0230570767418333 29.011491975882
176 0.116908576774133 0.0848389623597134 0.102200381643556 0.0907041406197924 0.0622787267194259 0.0489085357102367 0.0489085357102367 0.107755032367435 0.333347392181518 0.0802750222213278 0.0798480904145588 0.308427224159624 0.0933648953831941 0.116702176981156 0.176686540914842 6.52679790625472 0.0213333333333333 29.011491975882
177 0.106607398268444 0.0667570737944003 0.100264301808585 0.0745767959405102 0.0520274361781655 0.0411383931309066 0.0411383931309066 0.0696807405137985 0.337505388925513 0.0817927599675045 0.107448212592925 0.306899127227187 0.0893009752938034 0.113587638086363 0.0753376943525688 4.26186993625279 0.0232981336227396 29.011491975882
178 0.145011439701074 0.0807429346280279 0.110723884449437 0.10308988805362 0.061809402514259 0.0617670675144411 0.0617670675144411 0.114831398354044 0.289364174537145 0.0939981233790499 0.103428672839072 0.324932196610113 0.092809479625544 0.109029048166548 0.155002030994612 7.25439608970055 0.0222153145829674 29.011491975882
179 0.14698893670329 0.08484555110614 0.125747633463155 0.0981970216940928 0.0666835359563611 0.0546658901384454 0.0546658901384454 0.134774771265261 0.382398478816134 0.0958333217151321 0.101576439279201 0.309080839793701 0.0929974096656992 0.10045411539865 0.115634485665186 6.21281666469331 0.0259542502504042 29.011491975882
180 0.140167669092923 0.0717973715542436 0.108978124828769 0.107093525578435 0.0582207409853538 0.0505986287274508 0.0505986287274508 0.0779786125002044 0.314866912065958 0.103405963658396 0.104440901232229 0.317893006676483 0.0901526956410044 0.0965901407753767 0.104195673927475 5.79187867499472 0.0206840713613352 29.011491975882
181 0.118592511322003 0.0932351956112423 0.0984814288847289 0.0840293530819101 0.053432196025717 0.0510401756213356 0.0510401756213356 0.105937984610308 0.307192218855764 0.0932132528063907 0.104981402800716 0.260031072083591 0.0844156008123483 0.106301836909541 0.149115774441535 6.39772686904569 0.0207689763538764 29.011491975882
182 0.120568338498106 0.0775643296431414 0.101111954090247 0.0841430327776393 0.0608378089375465 0.0452677250700833 0.0452677250700833 0.080879565481619 0.347094984843529 0.0807859131349579 0.111718058334261 0.362815826917335 0.0933090337545054 0.0958243556535717 0.16741946222834 5.86442794750819 0.0261905772823708 29.011491975882
183 0.118688485369891 0.0838256202977303 0.112523513363365 0.079392167824513 0.0463306802947925 0.0570953772357166 0.0570953772357166 0.0949890650953429 0.29612731819718 0.0949889768847717 0.103602553697938 0.310220224952653 0.100813229470363 0.0974547887743831 0.235119140914294 5.84073988671319 0.0226920952507407 29.011491975882
184 0.130824320922073 0.0777252756067008 0.111690218187779 0.100695229350904 0.0573045990552209 0.0535113807503569 0.0535113807503569 0.111656009497331 0.264620132922575 0.0782719765638885 0.0946444800292933 0.272812226244329 0.0877444673467613 0.123479718787028 0.149022986717532 6.74094229542896 0.0241452229836316 29.011491975882
185 0.106018968534914 0.0904677479194626 0.10545426023302 0.0941888068264098 0.0553135041318061 0.061778243809159 0.061778243809159 0.103628931626305 0.360772256057599 0.0874029610064578 0.10526718325593 0.299447423131968 0.0771816692981868 0.105946886753815 0.159332259039424 5.95785704813909 0.0249481786141116 29.011491975882
186 0.128457858713309 0.0794723382214997 0.101315259147602 0.0893818676779792 0.0651904285904893 0.0494660947868498 0.0494660947868498 0.0843420146356561 0.354256851249021 0.087348822190984 0.100490697026752 0.345002801715036 0.0921292070846862 0.099767974835329 0.128876426965552 5.55060284286238 0.022332584225338 29.011491975882
187 0.128067630335811 0.0687831685350093 0.117026407473144 0.0902483988449407 0.046141472288092 0.0504518930813366 0.0504518930813366 0.088259991903709 0.313785984784387 0.0971293506976429 0.117942641209087 0.368446031492102 0.0798110709742826 0.107781214858226 0.115748868073669 6.08009668982128 0.0254169647275121 29.011491975882
188 0.133364106224654 0.0777141466290618 0.10660783026549 0.104489557425056 0.0553903519714846 0.0466307176681042 0.0466307176681042 0.106137705805257 0.25855330523475 0.113616120994438 0.113924416547785 0.291445874688006 0.0857877926782153 0.0968523050443043 0.152357974488846 5.48064546814285 0.0249409783085969 29.011491975882
189 0.146927742099854 0.0742995384833366 0.112118617464475 0.105008694050306 0.0683215302572266 0.0477050387213657 0.0477050387213657 0.0773035661499548 0.300029735202652 0.103000534387455 0.121263332039012 0.308656437061099 0.108130911272648 0.121522846527625 0.164270351435939 6.19099215299001 0.0231523691437766 29.011491975882
190 0.163241553038671 0.0733985176364956 0.108745336115082 0.113024559922193 0.0665900052226492 0.0484704089911674 0.0484704089911674 0.0931176583740157 0.319493396781598 0.0824286830447486 0.105828405716089 0.299425521246764 0.0944331020035839 0.101101325120766 0.163926912836959 5.74799921272567 0.0215980849319395 29.011491975882
191 0.106697772313912 0.0756309985380445 0.114497998674461 0.0810710573215586 0.0406044204276463 0.0515067954580197 0.0515067954580197 0.11006932771798 0.311724437078677 0.100649015025162 0.112179706893346 0.295415813685107 0.0784412236343858 0.111809307159829 0.159418983327282 6.67371597001887 0.0203048732768239 29.011491975882
192 0.11822683719007 0.0893349197045586 0.100561356009967 0.0868669924794969 0.043697618154333 0.059483662642256 0.059483662642256 0.103851950015317 0.326319541050028 0.0961562424002758 0.143424165928306 0.372953220385 0.0953822435874032 0.109798823804821 0.136068878621735 6.31579709373986 0.0247257176055845 29.011491975882
193 0.145511535372559 0.0718284673907864 0.107412119037513 0.0999594003230792 0.0493125067674077 0.0545587077064554 0.0545587077064554 0.086587230763227 0.327762890691056 0.102569748031867 0.0977713053943233 0.30592828501796 0.0833520618216094 0.0966059111212423 0.131258718712592 5.68473945104458 0.0258541460637722 29.011491975882
194 0.124789446030466 0.0832026554608535 0.116463994254208 0.0912350874336077 0.0484932577445245 0.0537035012743158 0.0537035012743158 0.0741593497278843 0.289837405449238 0.0985078626178593 0.130039748013961 0.345401717661438 0.103677725473878 0.155712795071731 0.144773191367643 5.33015056546295 0.0234415644623913 29.011491975882
195 0.12533782060152 0.0778902801126374 0.102028141647664 0.0890497093647602 0.0542533518750961 0.0612628405925935 0.0612628405925935 0.097352048175536 0.362908251612183 0.0976870524274153 0.100651290442911 0.307035109528557 0.0929285426189613 0.104697407226873 0.147452030863362 6.86236258164928 0.0210898001820115 29.011491975882
196 0.132830754486186 0.0739508109281099 0.0898442690082167 0.0950732499217098 0.0597417353376137 0.0431240689079354 0.0431240689079354 0.108292858000308 0.326437276642546 0.107291348440154 0.113480623184481 0.246041925559592 0.0778386802456846 0.099047480376627 0.105364532799177 6.40233543247298 0.0218097837372741 29.011491975882
197 0.109374051601427 0.083621091423057 0.110630906360288 0.100202903271618 0.0675691044961933 0.0511966132794846 0.0511966132794846 0.114285983006674 0.293176221858994 0.0964094512741708 0.0913406510221294 0.287654640583818 0.08804783475376 0.100271446247329 0.187424624729886 5.5345015196228 0.0255160253665231 29.011491975882
198 0.125023146629441 0.071784059231294 0.100849432724568 0.0917204375486976 0.058898530307015 0.0493872702220718 0.0493872702220718 0.0950755388633686 0.358524119560429 0.0947762686494243 0.110909189840294 0.346366269711701 0.097389730866044 0.0960924017754617 0.142276256503583 5.96677670458886 0.0238457135677579 29.011491975882
199 0.123551879092456 0.073685694227713 0.100104503273896 0.0854065867335493 0.0508403048352592 0.044193557583414 0.044193557583414 0.0856478912899678 0.313530779911423 0.0810712140014887 0.117548150220733 0.243877545264788 0.0965581766629894 0.103969360313717 0.118611259442945 5.39430114551319 0.0250722566905246 29.011491975882
200 0.13931749890136 0.0796992686066489 0.114282200129446 0.099286833187847 0.0591523711105648 0.0629590068522795 0.0629590068522795 0.0944630078910872 0.386133884084298 0.0909773125740403 0.100753804171139 0.323609544128485 0.0973351553920984 0.123674244782634 0.142395565650631 6.31896296312084 0.0245997762164413 29.011491975882
