"" "(Intercept)" "time" "X1" "X2" "" "" "" "" "W" "B_t" "beta_shared" "W" "B_t" "beta_shared" "" "" "" ""
126 0.0863463686058858 0.0528589400031823 0.0745597188838039 0.065456931019888 0.0379837550062983 0.0369137812501465 0.0369137812501465 0.0608566211477362 0.230158449047026 0.0772109299996395 0.0849352654191517 0.244020822416709 0.0777216552845951 0.089812028942912 0.11699081880196 7.8920174476454 0.0212164834379428 29.011491975882
101 0.0948595133835477 0.0642952686295183 0.0874964362189841 0.066649064133113 0.0518655060591712 0.0390226617953654 0.0390226617953654 0.0666859489151151 0.232710036246321 0.0749794972397058 0.0815190918663842 0.234218245628935 0.0697527042625338 0.0903051301203686 0.134212513052 7.27177329601844 0.017063458505286 29.011491975882
102 0.093016227049818 0.0619741130115811 0.0806280604197347 0.0693069263105385 0.0421878678383941 0.0383466340884787 0.0383466340884787 0.0757138313549181 0.255649775999952 0.070290488888843 0.097484733583079 0.258502222406512 0.0712128964380793 0.0708572107042494 0.148374508712061 6.13182337359551 0.0194339872342944 29.1396420431764
127 0.115708897963392 0.0735230878424103 0.0803787489345714 0.0733760005139054 0.043061010488817 0.0554969828213214 0.0554969828213214 0.0664087895391059 0.266048440061959 0.072009523020092 0.087522221279854 0.252134540713392 0.0783021435440083 0.0955324452304991 0.146774449075307 11.0490826208334 0.0179576806458332 29.4563483067217
103 0.105585894071584 0.0636526321855231 0.089029987228362 0.0890295270611983 0.0464999319674081 0.0429792325702262 0.0429792325702262 0.0687893798555523 0.204177870337371 0.0725628542672454 0.0835402408261557 0.260042172249529 0.0729446617204781 0.081401026701009 0.12627367954397 5.81647781233748 0.0174421844383035 29.011491975882
128 0.108734095153514 0.064409932893075 0.0912448700963886 0.0796457345286209 0.0585910189267249 0.0379766940743116 0.0379766940743116 0.0607907239788783 0.22490812829251 0.0792749837373389 0.0877442720710605 0.23661446293753 0.0727487142582004 0.0710062898537974 0.123569892181792 7.64214481973639 0.0199906762286272 28.9112504737411
104 0.0851560076915497 0.0561265302280305 0.0824578632569507 0.060226488812555 0.0460924156711736 0.0516534056675558 0.0516534056675558 0.0556846460780394 0.25494292278134 0.0811270875866591 0.0692056472858103 0.279334760516898 0.0652797248956688 0.0917644534557469 0.142255365060574 7.04232514403755 0.0206846546568128 29.011491975882
105 0.10261279506422 0.0610267652566928 0.0848513069716814 0.0753835766723043 0.0450020697031851 0.036104528165469 0.036104528165469 0.0611779926531368 0.19985241577103 0.0786615105781273 0.096625627882354 0.250688854589337 0.0805321806221084 0.0896640287945938 0.156678829586974 7.20602301389384 0.0170539514923647 29.011491975882
129 0.0999427494252756 0.0599243808684285 0.0831439489847921 0.0775624938402529 0.0427421237831125 0.0397648143077841 0.0397648143077841 0.0595135313497877 0.223671384761513 0.0730311817619353 0.080038436920796 0.230323319915752 0.0671945474144011 0.0863256184906012 0.187049237584329 8.91148437131929 0.0180458206000124 28.8531386075
106 0.111878731287925 0.0637650538737315 0.0851531976315959 0.0872019749426558 0.0568696149039945 0.0479497955672281 0.0479497955672281 0.0895267744532752 0.246846595216492 0.0642310192811021 0.0836945412831737 0.278160347722419 0.0758256156954174 0.0798668774916575 0.112392435414541 8.4678960289965 0.0210439572315882 28.5238415974021
130 0.105780978277215 0.0637813279005955 0.097626877323325 0.0694007235280219 0.0456493796576559 0.0533362621789781 0.0533362621789781 0.0639793771617888 0.232154839490939 0.0737440708099694 0.0804940123531403 0.246653025117232 0.0770027355024049 0.0979622322955967 0.119163864352357 8.71858999983599 0.0191220138081737 29.0528524133853
107 0.0974588413464009 0.0667201806232159 0.0880877174871733 0.0779477206452219 0.0370930848026638 0.0383847938198259 0.0383847938198259 0.0694114893026945 0.277491925127316 0.0716083287788031 0.0689438501510794 0.287573664910431 0.0851215130551642 0.0856079326424785 0.150286838581392 8.51529224514356 0.0171963311410837 29.011491975882
131 0.102858704160475 0.0606418628565129 0.0951365218280414 0.0725765842903255 0.0403906225408018 0.0482496542880421 0.0482496542880421 0.0793927194379877 0.243300293220494 0.0754101617765912 0.074147397385448 0.296973609940095 0.0870670937245205 0.0849610600786031 0.158950954447483 7.77623289130399 0.0181526140317053 29.011491975882
132 0.108940655998907 0.0613156858011976 0.0760749809741819 0.0877388139817657 0.041438386234668 0.0436176831592424 0.0436176831592424 0.0731312008699476 0.2459457803652 0.0666568061922203 0.0902047930269138 0.270948753718449 0.0730766177139988 0.0732268336701337 0.13794635881621 8.1281615577742 0.0189090133702866 29.139581163875
108 0.115610002009264 0.0705738337037337 0.0851332995261989 0.082085588286036 0.0599310631958896 0.0538892294086975 0.0538892294086975 0.0911905827107394 0.245976876459484 0.0847622926351172 0.0838685173896759 0.269052184026242 0.0745853349988148 0.083505659420014 0.125407230678691 11.3800084035732 0.0198767979608277 29.5559597922064
133 0.0964467471465949 0.0633105548387393 0.0762695087512934 0.0678142488549996 0.0456353623585825 0.0363785380074153 0.0363785380074153 0.079001877669617 0.207518027083196 0.0745741895454408 0.0681568714240416 0.22860650300774 0.071996800666345 0.0767933055011629 0.150472541956613 9.13482825855395 0.0190619499967026 28.9834231516723
109 0.0869188928603168 0.0655620310611621 0.0783535630677235 0.0679806332527368 0.041977597663476 0.043563609232473 0.043563609232473 0.081141180105484 0.236706796443684 0.074551186138805 0.0864544681861131 0.211032010761878 0.0754735831314495 0.0813752974571487 0.134538037864523 4.99593733112543 0.0175842056339124 29.0251669669671
110 0.0945369525153937 0.0637033090448063 0.0773260177914296 0.0657694170973917 0.042287405060899 0.0427575149401022 0.0427575149401022 0.0780775742751165 0.225133039672394 0.0745426880431803 0.0929443971078235 0.247627106184835 0.0755908219297419 0.0789010113677155 0.122579842884627 10.6263365846195 0.0194703027210384 29.228914919202
134 0.0999367222494226 0.0662397494931392 0.0792503942081782 0.076710674144716 0.0576324848832232 0.0409276446111168 0.0409276446111168 0.0771997259393709 0.240317392607046 0.0822992323857234 0.0826118643615419 0.27902511995393 0.0906864172265687 0.0857611595663673 0.114912316983599 10.8066222460012 0.0175513499942687 28.8659361192607
111 0.099797879811187 0.0618769645767519 0.0835200365531586 0.0782050532210941 0.0552028415743062 0.0518738240532378 0.0518738240532378 0.0787357083222768 0.275612716116889 0.0686905627703515 0.0939838362805453 0.294844969318243 0.0720384968109463 0.0855703283467222 0.12962684236036 8.56654868452876 0.0185750235685648 28.9387452791146
135 0.12278497819308 0.0596157670979052 0.0897584234617999 0.0947583776273678 0.0473393450023072 0.0613278647332739 0.0613278647332739 0.0752719437308195 0.244206631848424 0.0710472475127177 0.0706206120152772 0.289206554727339 0.0766458102225192 0.0605150722327157 0.124353306372571 10.2050191534916 0.0181490533912081 29.0202892917049
136 0.0945559506292689 0.0573319809871945 0.0910858853376561 0.0667708014128766 0.0465966494277259 0.0477072750565499 0.0477072750565499 0.0763269188168617 0.204151217897804 0.0672179517984909 0.0815969193448455 0.302950479090497 0.0753923181549202 0.0710318497296394 0.162837431513568 5.89821921421965 0.0191036219763436 29.011491975882
113 0.101200620260235 0.0658793394044081 0.0835489389807159 0.0664743062014401 0.0398536714756764 0.0358372711089803 0.0358372711089803 0.0709905259552127 0.246917759252852 0.0806307769887054 0.105164447013201 0.292586020868928 0.0652966964396334 0.0913220233578797 0.106025103191783 6.00726214808127 0.0206077493436975 29.0347533781706
137 0.115764782612186 0.0622885504836111 0.0898741392042614 0.0859492228351098 0.0407820296967806 0.0452033364874725 0.0452033364874725 0.0639501850701123 0.215791797549415 0.0867327817349842 0.0874383113135873 0.272160625682453 0.0753381533498044 0.0826556303341107 0.1391028123391 4.50032546522241 0.0202158040097856 29.011491975882
138 0.0951548469355871 0.0558845498323417 0.0936606424626314 0.082388852653385 0.0504086842864159 0.0316080375264424 0.0316080375264424 0.0687017575406488 0.216054485513568 0.0694121994589401 0.0773165907168052 0.298557140197118 0.0730560664940788 0.0909120560083512 0.159219983397807 6.32534584034739 0.018996566232336 29.011491975882
114 0.106039407949476 0.0569086687682746 0.0881366604818546 0.0847966747925416 0.0472909659503568 0.04786425843602 0.04786425843602 0.0795377833857915 0.240952217309266 0.078229431903828 0.0744572706013203 0.275836177129067 0.08811446767647 0.0826322051602716 0.167497655914426 8.88172393104944 0.0169373833920129 28.61547414992
139 0.0853337831803801 0.0587025737225732 0.0857604353972559 0.0638068145639232 0.0391180953272488 0.0394834696273671 0.0394834696273671 0.0760067108810978 0.294667451297627 0.0832380263273447 0.0864959779977977 0.273187655197958 0.0970959792796749 0.0877591347528374 0.118594403629109 4.24096186917043 0.01998136056232 29.011491975882
115 0.0989406948840034 0.0664996545089736 0.08314180326821 0.0784821401745484 0.0669968711942693 0.0518336697172614 0.0518336697172614 0.0722135265494895 0.26924935519961 0.078211795209894 0.0802611881669442 0.254970595002334 0.0753858936481624 0.0797927522867993 0.121621301866263 8.36302420618615 0.0173055042512159 29.1247150661161
140 0.0866690880292948 0.0630785913556451 0.083170690751648 0.0695242993749883 0.0447209951761285 0.0451088478815438 0.0451088478815438 0.0809230251485281 0.25434918924498 0.0809877574679473 0.0997678123115395 0.283639137377104 0.0733543100944365 0.0985486540925766 0.161934295968758 8.48532996248544 0.0185272534885922 28.9355406423573
116 0.107247117104693 0.0636854796766241 0.082824290644086 0.0741731426145636 0.0404201015959807 0.036657241894514 0.0366572418945141 0.0639053743091186 0.241403756565253 0.073001034395459 0.0886803454847067 0.223513456894366 0.0746321201672852 0.0686552774073576 0.148224094967266 4.7993334244784 0.0172614610747245 29.1516659012761
141 0.11121060982804 0.0736205708604805 0.0883478430348955 0.0773509846201323 0.0504010154765263 0.0538382726957916 0.0538382726957916 0.0909826307615774 0.239689711384765 0.0712192061450556 0.100164083233568 0.257178529581607 0.0688588908549977 0.0883355482446832 0.149618910156235 10.3012949722691 0.0202154895675313 29.4675563871968
117 0.102669599396406 0.0575253858438131 0.0915483104102224 0.0839295937294703 0.0436503345532712 0.0438167189651189 0.0438167189651189 0.0811855304734169 0.252288072698328 0.0754426168284909 0.108409244188948 0.29700310571419 0.0820781773519828 0.0970599921472223 0.132305605905613 6.92511167542963 0.0191167480528651 29.011491975882
118 0.113955934136161 0.0603929851235564 0.0924018652447936 0.0783482339823919 0.0379647473717806 0.0360365011531794 0.0360365011531794 0.0729937119807664 0.265425529501801 0.0706329731385012 0.0867140438764362 0.211945576453497 0.0722427027103087 0.0915721191336906 0.11446209795257 5.17117105702471 0.018306921593395 29.011491975882
142 0.0900709023330573 0.0662549967032361 0.0890533467509928 0.0758404516707997 0.048696399042381 0.0561525498685441 0.0561525498685441 0.0846687685165406 0.222715369427674 0.0668669177759209 0.0747149614908491 0.314244590452874 0.0718539947294017 0.0812633074975581 0.12435374639822 8.63685687924256 0.0198439068618586 29.5398074462947
143 0.111236098449825 0.0571795972474239 0.0877395805829891 0.0833129069691557 0.0313929973225345 0.0384061966438199 0.0384061966438199 0.0656757719906481 0.277312186749583 0.078251617556779 0.0996735383181956 0.233466683690153 0.075244387873616 0.102660349648195 0.130863341279332 6.22799155329218 0.0189812359350136 29.011491975882
119 0.093920491627303 0.0671205165246126 0.0884547296431869 0.0717750267142952 0.048815316165117 0.0376892585622453 0.0376892585622453 0.0923125016799218 0.251580158835418 0.075512715371972 0.0683157078752122 0.276508246212915 0.0778335514832243 0.0914898198165762 0.160441627444856 8.01295076246358 0.0233570767869018 29.0049185828816
151 0.0908087778764887 0.0710446742948232 0.0793068446916527 0.0722534807791226 0.0518469147437734 0.0451452542661183 0.0451452542661183 0.0744042810014082 0.251654169350851 0.0818614970342229 0.0860710433399205 0.296433288406591 0.0704777922869762 0.0894587735744933 0.1458293858494 12.7323155857362 0.0198174583354135 28.5928607416827
151 0.0896303298832858 0.0709224179912162 0.0788437597528789 0.0709568347800078 0.0503183866228044 0.0444339854197809 0.0444339854197809 0.0707862773404185 0.253502566343464 0.0870068164508543 0.0865104627700967 0.292066714640313 0.0741435211185515 0.0973203610535542 0.144655921508493 11.8169390639052 0.0195912476755222 28.7936916507189
144 0.0905544013438925 0.0666549280549314 0.081041221148007 0.073974554823606 0.0404708929421456 0.0386419635827139 0.0386419635827139 0.060934355044446 0.269896495832968 0.0725510917585586 0.0889253485597167 0.204541506523708 0.0779927338093542 0.0902975683325776 0.158691610558524 9.56903161136912 0.0182843247900455 29.2556864387667
120 0.114367885230845 0.0697972157311818 0.0857057520827237 0.0804641055161412 0.0505689892758978 0.0495701116553256 0.0495701116553255 0.0809209590392619 0.278246069429532 0.0740681364543299 0.0814017341134353 0.228149807483966 0.0766251370502056 0.0799097159036312 0.159087341641991 8.91581538045856 0.0215920304333645 28.300114430489
145 0.0921323722057933 0.0660898887436906 0.08282868069521 0.0641070389238465 0.0410401012247901 0.0385138328160459 0.0385138328160459 0.0839284621540558 0.24343928008689 0.0793441064209852 0.0993494671353145 0.22575496967866 0.0748283789416835 0.0883901176790937 0.134638959461571 9.18726812995082 0.0185159071889361 29.1269054891972
121 0.114006872263596 0.0664702896822692 0.105584320580804 0.0771344509355579 0.0475838471729601 0.0492654283426757 0.0492654283426757 0.0949837016825161 0.275972958542934 0.0672698602341995 0.0793639209097098 0.319733481726428 0.0905350814747957 0.0885634933683833 0.134554569203373 9.37596325017792 0.0194266585322437 29.011491975882
152 0.110198417816906 0.0677213184870637 0.0908173668453111 0.0766683980866371 0.0490176423814661 0.0434662049510849 0.0434662049510849 0.0982675633141139 0.267297735649174 0.0817216329196399 0.0956949260684819 0.292057935649579 0.0802726156371401 0.0984879424223366 0.130277802100284 13.8529754350799 0.0190479936693097 29.193305469732
146 0.0970794686631703 0.0570614160861663 0.0914535536178787 0.0766963146477431 0.0672685316359147 0.0484364742239799 0.04843647422398 0.0695686057472633 0.249730687888471 0.0715179472098126 0.100498007505026 0.295553591237956 0.0800795173592531 0.0672415692205865 0.134341198644217 4.40306367169153 0.0199101446712606 29.011491975882
152 0.097420297339259 0.0667117947701949 0.0850462487547821 0.0706945505905952 0.0475207362813047 0.0430206226948124 0.0430206226948124 0.107465900298822 0.267258815852094 0.0784016441910797 0.0971375703211418 0.272768405502694 0.0821687735594456 0.096934492278448 0.136861019970587 13.6430895898775 0.0193437502121204 28.43865578499
153 0.100048476704084 0.0537858734882826 0.087399509564061 0.0733361758981798 0.0533037764546479 0.0401597847792189 0.0401597847792189 0.0633904958166259 0.215049057789904 0.067989627705122 0.108135820759184 0.240189466110246 0.0819343209181012 0.07665162407862 0.160693597290534 5.72268651015157 0.0225517388035211 29.0153191556541
122 0.0960830250403156 0.0666431504939712 0.0830703454710669 0.0735619335595889 0.0390795443598168 0.0427918004641528 0.0427918004641528 0.0895126489985454 0.249048008317392 0.0727305303138193 0.0771151507913934 0.247937072517635 0.0769103887874839 0.0866359342502231 0.107661926859539 12.0253387449096 0.0181803743418164 28.3470271345766
147 0.118951075650571 0.0600278374465741 0.0901234726339885 0.0851194625321454 0.0480992207507091 0.0415726959825071 0.0415726959825071 0.0724670548126734 0.217852520382425 0.0725468735393113 0.0731759429674866 0.243178522897282 0.0820232809445651 0.0828395465778254 0.143654567644891 10.7312718426194 0.0176176973159545 28.4570666057596
153 0.100000244443488 0.0540469088979652 0.0871628529029064 0.0733289928320422 0.053407290037576 0.0400161175815573 0.0400161175815573 0.0654790719456618 0.214280656058083 0.0682483475549581 0.109101277502123 0.239077534982876 0.0818054317586611 0.0768291182887791 0.159871822820263 6.26580056177912 0.0224466403040475 29.0986427860893
154 0.100806385225132 0.06166805009476 0.087894941945946 0.085820953441521 0.045724475606948 0.0446237563688253 0.0446237563688253 0.0712536412158981 0.2291526616785 0.0818535131444004 0.0835929107481941 0.292757950779488 0.067337195653623 0.0836556341414891 0.11431387380892 9.67587153489748 0.0203564368742628 29.2665848554158
148 0.0924319752934436 0.0562613052596183 0.0962841677053812 0.077107901157464 0.0410452934211778 0.0500183851314222 0.0500183851314222 0.0742796605229246 0.241330132739371 0.0702363610464049 0.0857472119165417 0.257569673140571 0.0787893949896684 0.105212426864922 0.113722772051816 12.0774232235728 0.0189734003777574 28.8227582209905
123 0.0989401532064001 0.0629696992106282 0.0851997741412132 0.0713113225851363 0.0471379470855568 0.0403580594769602 0.0403580594769602 0.0775206758471671 0.268623368429029 0.076709596639698 0.0829345592365931 0.2726535215989 0.0706531665649321 0.103740338675985 0.137626413942515 11.4574850978645 0.0179334061630937 28.8378123905557
154 0.100411412824594 0.060960804027301 0.0835108292076126 0.0871312248778933 0.0444783376489202 0.0498487196365878 0.0498487196365878 0.0697124481213596 0.215277474665951 0.0792415536414106 0.0851476520370391 0.292261981603612 0.0701639047699219 0.0825385415754829 0.109273007376089 10.9644127462678 0.0202010190346351 29.0041514731182
149 0.101815886700814 0.0638776637474004 0.086631075998205 0.074828218773744 0.0439109934392029 0.0369207598305096 0.0369207598305096 0.0545012862919733 0.249743024540918 0.0664758837876171 0.0805025895668714 0.238131878812807 0.074847918114664 0.0995955302709335 0.155226131976173 7.32160908516424 0.0188414138977292 29.011491975882
155 0.107622250034294 0.0578885972682612 0.0926605835471411 0.0773538187641156 0.0550326316752566 0.0460813035037653 0.0460813035037653 0.0975145244637784 0.230859483519622 0.0759669484697323 0.0809873224355998 0.245791707971507 0.0694629614119234 0.078822440041631 0.14903533071599 12.8652916926543 0.0200491921735249 29.5490366685608
155 0.108036418940431 0.0594669796340813 0.0942264939170198 0.0789464357169697 0.0541563659214345 0.0467386859000473 0.0467386859000473 0.0923271956240593 0.222661850234011 0.0742470639141244 0.0820657640812507 0.248701385499855 0.0640101993779705 0.0808441861994523 0.147535288903886 12.086643724448 0.0205076631665672 29.6096821595905
124 0.112482511392606 0.0621763212833715 0.0872556015496941 0.0760027428988956 0.039717264769001 0.0511249791225981 0.0511249791225981 0.0839020324339076 0.256043135387027 0.0840007552048035 0.108002822841464 0.26929825342536 0.0793292631266002 0.0908595028664184 0.140263222696698 8.44631261269173 0.0190608911882955 28.9104993993614
150 0.104788837107008 0.0630095333443842 0.0883234964355238 0.0734386577988336 0.0480493621315692 0.0389307625975564 0.0389307625975564 0.0757170325017144 0.259479551021793 0.0746252493020024 0.0834099840562423 0.274558596719739 0.0749545531088413 0.0882911724555015 0.167460459965927 6.99550758456438 0.017839738191253 29.0847644123778
125 0.101212766345565 0.0611830048611627 0.0846845427153616 0.0695568925049729 0.0390764334123424 0.0465498480337527 0.0465498480337527 0.0695115812851267 0.220633700916401 0.0711190504529166 0.0895316238871009 0.250422683870291 0.0713193908617131 0.102417607440603 0.148607164749976 4.93902210907578 0.0201138454528246 29.011491975882
156 0.104872333519685 0.0482821588465344 0.085777611159928 0.0711588521540457 0.0511368911781572 0.0399393738872562 0.0399393738872562 0.0602379669605278 0.245248856633269 0.076873745049354 0.0838779622436146 0.246603449784331 0.0696155946680844 0.107488212242267 0.142113289602624 13.3580555960519 0.020052181158406 28.7367472934424
156 0.107960495716386 0.0481569952526152 0.0862477193264058 0.072730342136144 0.0521000369704402 0.0393449679441855 0.0393449679441855 0.0664582876162237 0.257847929469275 0.076281806398973 0.0847699647766456 0.260253211292762 0.0693698646793286 0.105960868311891 0.139743191794116 13.2946176751562 0.0191539701641564 29.7791164497931
157 0.0837918432208955 0.070967348787373 0.0789277758018719 0.0586257483397812 0.045695978353655 0.0648160321124125 0.0648160321124125 0.0981828380087787 0.249778053794983 0.0815912910300776 0.0768144602438929 0.234644375567713 0.0661163677015977 0.0672450344997415 0.155835215676013 13.7288028378217 0.0184771748043929 29.4981462006507
157 0.080924604622306 0.0675047390803445 0.0756598471051296 0.0549212227011333 0.0498750706863511 0.0652747956400055 0.0652747956400055 0.101771409563812 0.251651869050395 0.0824881407330231 0.079061128004823 0.219236253923028 0.0670732310952745 0.0705219157107601 0.143314500267 11.2430914918133 0.0204020960959793 29.6537887053738
158 0.092860343718693 0.0766529184336696 0.0883238213996823 0.0674856279342235 0.045804611320166 0.042245085057984 0.042245085057984 0.0790301080846677 0.258600469404823 0.081727603643391 0.0905384556277536 0.267261953144507 0.0875301474152886 0.0765401994814179 0.129351134373558 12.8733887508703 0.0194300490239453 29.0321053008276
176 0.0841591931100434 0.064159676297208 0.0900823134817313 0.0696062492498706 0.0432059685371696 0.0480543820228877 0.0480543820228877 0.0816879815872347 0.27140558694759 0.0744713068146021 0.0833207760588616 0.27207752577823 0.0749195165614673 0.0882220066655605 0.145577497364229 5.59236824255135 0.0193663951721022 29.0251669669671
201 0.114683312295173 0.0584896946709432 0.0975300842869091 0.0796464123705396 0.0424423848087722 0.0392423804723386 0.0392423804723386 0.0823770557020349 0.236228052222755 0.0736083835326764 0.0827431526483182 0.26341715298458 0.0803697842103253 0.0754333154805238 0.112858071620861 12.0365090877882 0.0172390545549026 29.1555549113585
227 0.101850756362247 0.058934361043152 0.0873015892750677 0.0812694936795193 0.0440566309135182 0.0332302311086858 0.0332302311086858 0.0687943070073678 0.212598064452591 0.0833369939950276 0.0897507032546906 0.247218260999737 0.0683055411961214 0.0897162292997445 0.158896362932358 7.37631344236401 0.0216035340252318 29.011491975882
159 0.0931213422878605 0.062231910262881 0.0874493406447616 0.0658076362538978 0.0366161659175004 0.0404137542529348 0.0404137542529348 0.0682405002343333 0.238949039510004 0.0783976304358767 0.0963707404677296 0.26988777064104 0.0829471378800391 0.0972484169776637 0.14721842403938 9.27574061922215 0.0183371872610598 29.0847219796164
177 0.0890674899212127 0.0686308542956863 0.0852636856000966 0.0655762937654722 0.045766663132923 0.046244793082563 0.046244793082563 0.0970341092757718 0.264674586589 0.0790529822157662 0.103049381654072 0.279002392451494 0.0851756356212118 0.0890646197992088 0.10360748386837 8.76065870203096 0.0182481031982008 29.0589370298681
228 0.103235108260652 0.0732021488051015 0.0881119702295615 0.0743533188030568 0.0450640908781862 0.0469991292506902 0.0469991292506902 0.096161506597118 0.287529858561673 0.0876746778943545 0.0933273511811669 0.224448042132331 0.074204836689662 0.0864076928465417 0.14902623715495 8.69904854195543 0.0196225949192405 28.7028105313455
202 0.0999439526827676 0.0644581510299706 0.0889936596096379 0.0772234733019447 0.0504165245445973 0.0456307581352853 0.0456307581352853 0.0772632836174011 0.252204165308956 0.0648133637972436 0.0869501749223796 0.271026352606151 0.0785538055095672 0.0933735152344903 0.0903141878974852 12.6373723017943 0.0176776020317512 28.9496726770782
160 0.0960562725309082 0.071524333696019 0.0774620712918488 0.0756424964930929 0.05334355511603 0.0452599766807783 0.0452599766807783 0.116928483338352 0.279421436510454 0.0780106398422441 0.0898071441708966 0.251606355415359 0.0717014910504713 0.0856536873307058 0.125263408760435 10.3844339339981 0.0193737956221664 28.9688244492015
178 0.0951035628559575 0.0667720498100407 0.0828949665798418 0.074722208654743 0.0519164208137742 0.0517739236581987 0.0517739236581987 0.0870794799729458 0.260074853988827 0.0707386197710931 0.0685929467748503 0.273998239960015 0.0759271750803368 0.0794281144834989 0.164195237668984 10.1881663647008 0.0208926453041968 27.918853389456
229 0.101379926593914 0.0659302707132858 0.0886132086072047 0.0692221011312183 0.0527647942853966 0.0409852992017766 0.0409852992017766 0.0816589917409472 0.255126816893919 0.0740310806378001 0.0774540508069207 0.27238207058858 0.0735743357217386 0.0810453851306406 0.145267178643994 12.1064983059431 0.0191176035946374 28.5948961373596
203 0.101653326550965 0.060305859388337 0.0790728435019338 0.0609864588069811 0.0389505126424054 0.0431413070782025 0.0431413070782025 0.0770618211164137 0.252862287667108 0.0773320634512111 0.0799586538972704 0.258393764533048 0.076964899932651 0.0911098280467108 0.129235568989704 10.7154393095218 0.0190834224134611 28.7688978679421
161 0.0912581301223553 0.0619228542282787 0.0692262074311239 0.0698325883750833 0.0420473827377243 0.0416018659364387 0.0416018659364387 0.10245383106427 0.236835227913482 0.0733591499033357 0.0860006542627011 0.21178005523281 0.0765267937722768 0.0734008405053566 0.137760416434066 11.7912988816172 0.0175198502786137 29.1025010420927
179 0.0995974872138115 0.0613667891565665 0.0865621271390907 0.0753620781459679 0.0472786274391599 0.046299380849368 0.046299380849368 0.0838738924201827 0.223477922977609 0.0922499088845413 0.103169238261434 0.257631620357185 0.0789892433508734 0.0847538445556804 0.132266289117064 11.8021115300579 0.0173431816395221 29.7581114854898
204 0.0979948601343505 0.0673727017895664 0.0861400712974966 0.0807959568398711 0.0396702071016344 0.0437399571004166 0.0437399571004166 0.0957961069147143 0.240604347010081 0.0734349903988355 0.088306666878291 0.262756485116465 0.0810638309326647 0.082853661803271 0.117394462671218 9.98859543241151 0.018558025764223 28.965037290333
230 0.100938161971675 0.0632268997080478 0.097377632611428 0.0774810005969786 0.0559319200889178 0.0448961603594231 0.0448961603594231 0.0652023305875159 0.25566762141771 0.0704499588286403 0.072504754297423 0.267397626513704 0.0768165744619275 0.0697978862963729 0.156884238274791 9.66156278812279 0.0189402694928575 28.9799241019635
162 0.0974581015272531 0.0643686392724538 0.0809067927306155 0.0767998447459237 0.0415780278290471 0.0380892183682036 0.0380892183682036 0.0846549078577261 0.256820871128713 0.0705326934807259 0.104786716904758 0.292418309974193 0.0740980007308408 0.0823025314024383 0.132108846403846 4.03133111380433 0.0192816456007449 28.9038558758862
180 0.101134935850639 0.0688751110072926 0.0791611234701198 0.0669652149883062 0.0449014223259167 0.0466573445742991 0.0466573445742991 0.08430273072152 0.275198349275124 0.0697471581871169 0.0898213273758668 0.280630524548115 0.0687343725070117 0.0816806404763864 0.133091259534545 11.4770239625872 0.0207834454233537 28.9731627213116
205 0.110678242990406 0.0682796167176728 0.0710837392075391 0.0864625432289768 0.0550657840661313 0.04129319673067 0.04129319673067 0.0894080634487828 0.268230669417185 0.0761128297865681 0.097747699521024 0.250468098476268 0.0720988139252383 0.0856960236275829 0.154306405592435 10.9062686803762 0.0205279029385462 29.2737322488274
163 0.0959323202860367 0.0647871010450417 0.0971213813557378 0.0623416875951578 0.0471260837986042 0.045962646042414 0.045962646042414 0.072853298003145 0.271600412614571 0.0655537742095376 0.0863590215250227 0.303088807538022 0.0674173180173803 0.0781615134468643 0.124278344843068 9.88893530332617 0.0176656207653104 29.0425412959543
231 0.11995581823433 0.0616917637151459 0.0925220589526973 0.0819075937363075 0.0471156936744049 0.0491383508717332 0.0491383508717332 0.0814574427459337 0.252803648108589 0.0711776466911005 0.0626574035958586 0.214191969151754 0.0786342972414162 0.0788122348384803 0.112714389260341 11.2435921778402 0.0201461778822907 29.4200113200085
181 0.102231108670465 0.0587530259372002 0.0856920441907452 0.0817028607479324 0.0513660949816523 0.0453609431906262 0.0453609431906262 0.0658400257034786 0.276957087149954 0.0849752552164519 0.0719223356981671 0.223082705636307 0.0740333865647034 0.0893414194889424 0.112370400149336 6.896954578373 0.0182332462018295 28.9458640956806
206 0.0901027252520729 0.0572609492608281 0.0710853084292919 0.0711538163383029 0.0497019631161683 0.0402941421831659 0.0402941421831659 0.0616387770639105 0.25022523763596 0.0661140738083916 0.0724788001864047 0.23356889775936 0.0664974091093843 0.0822812084529688 0.170521178862978 7.66476260940845 0.0172285341968605 29.011491975882
232 0.101342808732596 0.0668911628846911 0.0932392302270767 0.0882948096844258 0.0381315129240481 0.04528633596886 0.04528633596886 0.0680184979549918 0.217938024891779 0.0749291434204374 0.079397167606584 0.263077714322965 0.0830856068747466 0.0822318193984482 0.152552801388287 11.1797129780552 0.0159861767172153 28.8677812459337
164 0.119110402959169 0.0617522145538687 0.0868746656799594 0.0922760801338002 0.0508938426414724 0.0532232601040501 0.0532232601040501 0.0810146805400031 0.262369634797189 0.0658657483253891 0.084665037000523 0.251222768529126 0.0795127780495992 0.0982942465100998 0.142487882313771 10.6418641278895 0.0186387736196762 28.9979340500549
207 0.101977009445548 0.0638541457771175 0.079599831904607 0.0796730501550297 0.0415139590579435 0.0445938459111875 0.0445938459111875 0.0699383841226458 0.264158153885065 0.0883010234628929 0.0853046609030674 0.235034919679807 0.0754468767722842 0.0944737104343885 0.133571655076791 6.1582169792592 0.0159629551508883 29.011491975882
182 0.0998845295173955 0.0767282565684855 0.0827751342258856 0.0789735418696102 0.0472597838408625 0.0554142159591333 0.0554142159591333 0.112336626845567 0.20954750144352 0.0766439045321524 0.0753722641230879 0.228299467716731 0.0781535211991128 0.0984929192162635 0.143390923330179 8.3528477652519 0.0192795983307063 29.4671910924199
165 0.0997740068440535 0.058424267078039 0.0783854564815924 0.0836321336990462 0.0471415520059809 0.0458036077148877 0.0458036077148877 0.066069125978873 0.248914545755758 0.0735613495641845 0.0920197933777701 0.223665786487497 0.071385968292327 0.0901930469353064 0.183192570306784 5.62045326904289 0.0207048292701636 29.011491975882
233 0.105318656694676 0.057910718879093 0.0855228186020263 0.0680486853505319 0.045032967574245 0.0453970053596551 0.0453970053596551 0.0826987196121626 0.274241909264354 0.0758735195691651 0.0729503172111318 0.2659709291349 0.0731223356318302 0.0716925348064286 0.116842020131138 7.90545295054807 0.0164188439737876 28.8959741878179
208 0.139294507609487 0.062841026223213 0.0935398924961986 0.0915856568861327 0.0478039184299412 0.0403886519706482 0.0403886519706482 0.0732410434643106 0.246576100811429 0.075946243820892 0.090354801018561 0.268525011194835 0.0728152661265173 0.0767631457678417 0.140847665738 6.91172957891191 0.0200786236024827 28.9227142093837
183 0.0979898217936702 0.0591734013691713 0.0742435324292562 0.072421502196215 0.0391347467487328 0.0494327016902261 0.0494327016902261 0.0738729509696186 0.26035119548475 0.0742439591137479 0.0838877703602075 0.251271700129942 0.070470278029401 0.0706953977387541 0.114327212009498 12.012701555581 0.017454322970516 29.8628559092731
209 0.0862956411361592 0.0613820183157907 0.0897759746104998 0.0730763131753256 0.0442883894109153 0.0457317641253139 0.0457317641253139 0.06280274598559 0.240597756887786 0.0701137734864319 0.0951167197908 0.238475719300037 0.0721729813356534 0.0920356174739078 0.143957795606382 8.82308538460206 0.0174090977715545 29.0152221580866
234 0.102116922852571 0.0619391301789842 0.0833109106261451 0.0726094732622126 0.0415033657921958 0.0483698238131659 0.0483698238131659 0.0658758190476948 0.263489410008285 0.0790197990013619 0.0832262867828174 0.206379749627177 0.0848654200709775 0.0902859408777799 0.105258569631471 9.4470068881292 0.0194731569991635 29.1796104886294
166 0.130819120454757 0.0642136103958595 0.10309134219653 0.0807385107030222 0.0479747421830414 0.0460803214029539 0.0460803214029539 0.0714955268477928 0.249477639339477 0.0691681708337295 0.087511068514673 0.242875759959264 0.0781826640222137 0.0825721700592368 0.10877972400295 12.9983060332727 0.0207351495584102 29.3484185748354
184 0.0858918622685544 0.0576399424861904 0.0812570634085711 0.07282668432735 0.0423645629592219 0.0475610519822362 0.0475610519822362 0.0622615640878743 0.268422306360011 0.0749563090965824 0.0834025516281118 0.253059170307747 0.0726989714384984 0.0873157189958437 0.166481507997856 4.6547358310183 0.0179142175916 29.011491975882
235 0.102252055980667 0.0604341844259389 0.0778514514161916 0.067849391383684 0.0508711339199108 0.0435336909145651 0.0435336909145651 0.0880061698348158 0.271509489275153 0.0844676540226041 0.0862007113293567 0.247067212393406 0.0852759292265296 0.0917682191524561 0.142958721286875 8.59169081746226 0.018636680669408 28.8531386075
210 0.118557706324108 0.0625379185851553 0.079071698053131 0.0837225639828749 0.0461014795972935 0.0549093729692395 0.0549093729692395 0.088869774896748 0.2272655787414 0.0707969352299845 0.0675932683946799 0.273948703069052 0.0688323399622139 0.0756971755203115 0.146234439072471 11.5218304674035 0.0210309640990486 29.0204373121244
167 0.0979903155770116 0.0639644635201495 0.0795645602282294 0.0743802654724499 0.0437116982130028 0.0399161804304215 0.0399161804304215 0.081974629449224 0.269425054905503 0.069701115759976 0.0830111641733184 0.268275863445624 0.075190642783312 0.082416383920636 0.156180786048609 12.3435016709139 0.0181955480933732 29.900383143638
185 0.0919008374118134 0.0739220623608472 0.0836643396885872 0.0605183396970652 0.038014272271159 0.0446271232160493 0.0446271232160493 0.083845148683612 0.244217429344791 0.0657061489268452 0.0954226860914221 0.238379381388681 0.0740400822605028 0.0844995357489129 0.12060805244871 15.0357380171882 0.0221389515358222 29.0836174468973
236 0.0926988941647002 0.0639497661874458 0.0802606576127238 0.0687164294169972 0.0408783923237656 0.0427634615943933 0.0427634615943933 0.0805424361054496 0.288471300340814 0.0869278736759913 0.0874544475325686 0.229765119839548 0.073541798171185 0.0839244433922105 0.165743535432723 8.2119946218993 0.0181028546032963 29.166278838855
211 0.110807229332331 0.0702831364208367 0.102333302958894 0.076235840290901 0.0510143589005003 0.0518400926428084 0.0518400926428084 0.100972505690644 0.28289932268545 0.0659506893815712 0.0786595184634715 0.270791541866156 0.0808018716760509 0.093935755805063 0.144917272708941 11.95525744493 0.0158893159146994 29.0105905469897
237 0.0983917969690369 0.0738074684743807 0.0802415636008319 0.0783112498129511 0.048252972380147 0.0514681334203003 0.0514681334203003 0.104207818450812 0.234631384994141 0.0649491912310147 0.0737008466455264 0.280208502516657 0.0714770700122206 0.0837024623069132 0.158444454497237 8.16576086087229 0.021703720037092 29.2683481724553
168 0.118285576066942 0.0637429513489431 0.0828512407137072 0.0861785576656391 0.0583153583016624 0.0452016323382627 0.0452016323382627 0.0764395483248883 0.273434173602658 0.0862741302677336 0.0829625954604266 0.211109537236787 0.0682251348058256 0.0987996891268784 0.134005850297139 11.8911903769212 0.0202156999918499 28.7182164323654
212 0.0821867902829118 0.064963961662804 0.0795630275372424 0.0662678501943871 0.0449158055300301 0.0481199716540725 0.0481199716540725 0.0889351354478342 0.215099956723062 0.0713849679478303 0.0869700031850334 0.273955357601788 0.0731035213531962 0.0911865667041989 0.172221897973947 9.01237153314332 0.0182917921697175 29.1269054891972
186 0.096385065527436 0.0714366859426347 0.0851015762057546 0.0656603787704714 0.0448570742432739 0.0492970058173242 0.0492970058173242 0.0992508286131273 0.272192554452325 0.0806880681706044 0.0748351118071971 0.281171942838909 0.0802017416103165 0.0725766969820843 0.136176905391848 13.1728670109189 0.0203402997813039 28.6187419865804
238 0.10945223225366 0.0675338987111435 0.0876875192559118 0.0864191515273645 0.0488770039294969 0.0482709713700588 0.0482709713700588 0.0640371635149013 0.228084627561725 0.0726826659239775 0.0829666072285108 0.280394988106219 0.077659957104058 0.0990776469138074 0.101560489179729 7.24319075608639 0.0198339546325084 29.0223982512209
213 0.103260007885064 0.0768934942065196 0.0885588649245694 0.0684560612869659 0.0464020056937468 0.0607017751875904 0.0607017751875904 0.119825135646186 0.211972637228785 0.072052911874993 0.0822799938092762 0.24643443006397 0.0873535370989259 0.0715097939781568 0.143728060957551 9.48021995771909 0.0191242090378905 29.0395844604522
239 0.112949390379724 0.0527293669040864 0.0928019769575205 0.0778063845851529 0.0383176905692196 0.0381545215386325 0.0381545215386325 0.0565056083614652 0.246933543588278 0.0702552940566911 0.0772858396625911 0.250908158746869 0.0812794452782784 0.0761320301786821 0.128720539116905 4.2884855424057 0.0195424526386927 28.9187153279659
214 0.0963270295527356 0.0610446578020403 0.0888623000258211 0.0652693017805145 0.0420908764406076 0.048185103976192 0.048185103976192 0.0625214461210641 0.245178813429685 0.0829245981936451 0.0818377945064144 0.249825664536694 0.0754429705038855 0.0829690366523078 0.145620598352917 5.82197161925009 0.020107846154975 29.011491975882
187 0.0875350726689492 0.0651027507505015 0.0854254899473895 0.0664568998771015 0.0466314766931636 0.0376923293028612 0.0376923293028612 0.0851588916873511 0.235348036481057 0.0731850474506784 0.0947355600914202 0.287851508282071 0.0757874867054844 0.0813588675127678 0.121855815110788 13.274743958378 0.0214440326513267 29.8127489507425
169 0.114745946595164 0.066802264239343 0.0884192161079907 0.0777979997273325 0.0537459072517673 0.050918865455513 0.050918865455513 0.0714576402530128 0.292766804193551 0.0810337186675623 0.090577287066515 0.251932182566141 0.0670780965995154 0.0866354842235071 0.134999187571346 14.3593470299856 0.0169913468419468 30.1968227015
240 0.108583396252294 0.0728483713513548 0.0887450028894878 0.0786467742327156 0.0483129406314897 0.0468498933103218 0.0468498933103218 0.083349109290324 0.265213136740307 0.0724596996440717 0.0766451893022873 0.299046765822053 0.0714824741278149 0.0724907620262374 0.167709792215535 10.6059762613415 0.0176749039469006 28.9862319858384
215 0.102662304210698 0.0627000973952314 0.0759170462499633 0.0802864129072051 0.044229757645577 0.0429982714055048 0.0429982714055048 0.0767121640770385 0.256952745834915 0.0754027196129016 0.0808793339450204 0.252359306039212 0.0750876778603911 0.0800818606759878 0.13978713611442 10.6127463687553 0.0184560617905525 29.1109769604498
170 0.0897560018929657 0.0614703815328666 0.0766704044055701 0.0635294068439675 0.0512330013156935 0.0434289336197267 0.0434289336197267 0.0811400394185055 0.216800072784279 0.0735042046442687 0.0754867534641626 0.243423867523843 0.0790753624103867 0.0727034591459721 0.147370510213046 11.4285218252892 0.020941652563046 29.2338802263131
188 0.100002227284359 0.0615187454260803 0.0882043933699612 0.0752092835751272 0.0509900349440455 0.0558997373416928 0.0558997373416928 0.100582765891108 0.232897233105734 0.0852260541153904 0.100275033677814 0.290482948968082 0.0743710218085726 0.0970972713722548 0.127870611911498 12.2999657164769 0.0170493805253694 29.2569972408346
241 0.107904657250207 0.0641944296699654 0.0836397612762909 0.0797796191636068 0.0422853405306428 0.0411035716844228 0.0411035716844228 0.081902334544555 0.253198007807067 0.0879972861008239 0.102757886967947 0.263552526731968 0.082879065589718 0.0698246982066356 0.123976893170151 11.0681303196127 0.0175677122207351 29.022646934553
216 0.0890401010875805 0.0642810697716323 0.0765128758912762 0.0596464868212466 0.048712166023034 0.0386675282175997 0.0386675282175997 0.0817132680079475 0.285356664862218 0.0637660444974748 0.0922364548831286 0.218059245955219 0.0668845106560036 0.0822024504779125 0.182442508593894 10.461420833171 0.0164714577127775 28.8693144398271
171 0.111472980803634 0.0669485709181119 0.0779357518818166 0.0729201393971541 0.0442711194157084 0.0477923381674865 0.0477923381674865 0.0892883867292014 0.19472400334664 0.0727698603870904 0.0905371432251355 0.272914570910568 0.0809741268002952 0.0861673801357227 0.148118943325786 10.8385846118375 0.0181125860882676 29.4320664594354
242 0.0896764965019512 0.0581124477973891 0.0807365766083513 0.0735806450445682 0.0368202578814203 0.0355648608130246 0.0355648608130246 0.0705200467904896 0.265366629213899 0.0773306422354516 0.0848677422051613 0.287266483005097 0.0667227695808907 0.0808164074222509 0.135479683530439 7.37901105596745 0.0168885966243197 29.1396420431764
189 0.109576704449602 0.0683149782001972 0.0789394763599138 0.0823453120772459 0.0379089661791264 0.0480846732264282 0.0480846732264282 0.0776171862517433 0.270704479887071 0.0778240529505901 0.086836672585095 0.283593674398033 0.0783835798378507 0.0998722962873129 0.160173859149065 10.3804598823184 0.0191704722258119 29.0913092918794
217 0.112373793742059 0.0595401412796797 0.0872128476593155 0.0909011368016095 0.0473457950778744 0.052706929894481 0.052706929894481 0.0623194178421125 0.24557668652809 0.0725897841321237 0.0793335423698463 0.312036893624311 0.0808213366772438 0.0683494232902092 0.126522228500296 8.34239916430141 0.0199505328943794 28.7346223018541
243 0.0998187321027121 0.0521053929860843 0.0810644653532494 0.0608252047380146 0.0448335588625927 0.0459239863532107 0.0459239863532107 0.0725099710744969 0.267732490476722 0.0841347624539009 0.0669336138619202 0.241577234978459 0.0736265979316906 0.0834901471942075 0.121390772004197 5.05975405638566 0.0177219451547323 29.011491975882
218 0.0991992264575583 0.0564652095197986 0.0952401964449908 0.0676017352619439 0.0473135005968093 0.0495046149732259 0.0495046149732259 0.0655889960936883 0.245971719917151 0.0899236019540102 0.0928353535898258 0.279346979296221 0.083623254580036 0.0870352918032755 0.116870208878052 7.25105640623423 0.0191375642093086 29.1431789869901
172 0.11634299910324 0.0660229332666014 0.0853928986481127 0.0790941571249982 0.0498318640824381 0.0486784011992214 0.0486784011992214 0.0713325783310734 0.229347948667235 0.0681924221829935 0.0816493348001598 0.268355492772877 0.068857355251893 0.0830566327535364 0.139392729900363 11.4794909070304 0.0214037593668187 28.6628376701492
190 0.111843304796801 0.0553482552767131 0.090907573267723 0.0806520177969477 0.0467134759657147 0.0434362296858434 0.0434362296858434 0.0724414764846414 0.28813643877642 0.0762208866326576 0.0799818387103974 0.21353148985558 0.0794119229786226 0.0824590355155042 0.144069551327417 12.8973427522261 0.0174885909436265 29.2941121531264
244 0.0866270165845343 0.0604259889488499 0.0790319252102776 0.0777924495004575 0.0406763367873348 0.0447703758678578 0.0447703758678578 0.0985869348982474 0.28528094933523 0.0670939091957693 0.0755036619494087 0.271411256621601 0.083611295684883 0.085564487661416 0.137130727324511 9.24347982049613 0.0179293647743617 29.011491975882
219 0.112118786930554 0.0642094381208535 0.0804976127984564 0.0766473575957018 0.0476041701427926 0.0419516165618516 0.0419516165618516 0.0656638748950662 0.329364177833493 0.0827237692459628 0.0862870266039501 0.271623393320396 0.0786638457243184 0.0702736686381719 0.177168899041737 10.2121066416519 0.0201449426271283 28.6423206251706
173 0.119457597225637 0.0586310606628261 0.0914018183267081 0.0798704331172638 0.0470397109797335 0.0416755857206993 0.0416755857206993 0.105500956978879 0.286931431480846 0.0795797823384978 0.0834608115693003 0.215350938241275 0.0716958041292423 0.0775205095345885 0.104804775039607 11.2357553040921 0.0181343091858789 29.173628917564
245 0.0954355661290588 0.0659608824410444 0.0855829167165014 0.0809705744685759 0.0422307482106234 0.0488231117258679 0.0488231117258679 0.0744698804078762 0.25516567177676 0.0689598892244612 0.0756373739555578 0.292880590840033 0.0694128251768648 0.0767663394345684 0.15112439869759 5.37568220635051 0.0199370846691885 29.1555549113585
191 0.095132993480478 0.0596435858753302 0.086150784701992 0.083292176664178 0.0421330872525308 0.0318918079319693 0.0318918079319693 0.0868854352695533 0.243196913492312 0.0828925793358694 0.0774010085952379 0.255991928988036 0.0835025841488477 0.0838590436538116 0.143110158438356 12.7149558824553 0.0186882911648942 28.9856733839157
220 0.0879009731248361 0.0646446785245277 0.0775453376944558 0.0658389801537206 0.0364280610279961 0.0426039309682612 0.0426039309682612 0.0566541491469322 0.267319535066326 0.0829340591841682 0.097789948710016 0.258166452927526 0.065886811745164 0.0950881690231894 0.131347930370391 4.25281843563356 0.0211530418250231 29.011491975882
174 0.107765383273267 0.062043822305638 0.0978304063764033 0.0792607893954326 0.0533319932866604 0.0464784242871089 0.0464784242871089 0.0640176529696105 0.277866421677641 0.072576805721579 0.0709944023836219 0.262109378920966 0.0822989593173005 0.0694451986917041 0.180931188076789 7.62727762322634 0.0173557260529754 29.0098913509273
246 0.112030975862972 0.0723690294378362 0.0709598230991547 0.0782618801499168 0.0360034275741627 0.0427879930007313 0.0427879930007313 0.0790690986294303 0.207174036327024 0.0708376256133147 0.0692325556747347 0.226911745713884 0.0853260768439062 0.0694751705079219 0.125134289064214 10.7509041386914 0.0200494425223847 29.1406194980486
192 0.102714600369035 0.0651108980080982 0.0908154018489641 0.0757015158294063 0.0500678930521402 0.050535649692248 0.0505356496922481 0.0896325473968361 0.289641997776875 0.0740569164596275 0.103940819885625 0.27190177997462 0.0708262953737249 0.0863951601646017 0.142937532599277 13.919746242049 0.0180139030538881 29.0682740623179
221 0.10330981200337 0.0675889773212792 0.0893784000461176 0.0851174665820648 0.0545953162475457 0.0508567216561836 0.0508567216561836 0.0737793332612567 0.206380593875769 0.0698841149656276 0.0835295312202586 0.227866591960686 0.0954496636831876 0.0883889039945016 0.130365270190969 10.1426937681386 0.0179806042715143 28.857910506116
175 0.133558304346961 0.0669348617855829 0.0922638238883241 0.090162849791274 0.0419418022688198 0.0488180776629219 0.0488180776629219 0.0614731610162994 0.247816031083499 0.0682461827382913 0.0785661045859374 0.232285641089548 0.0874927494072107 0.063116047848565 0.11921746953483 10.2928181400022 0.0180169994316068 29.4164722174379
193 0.109058591849904 0.0680710030432205 0.0890254509629256 0.0715306052916855 0.0522901722429928 0.0438843608257202 0.0438843608257202 0.0687829229222619 0.291262664932144 0.0721391220242456 0.0850526293938007 0.253529732245165 0.0725965274981445 0.07167442221823 0.154936618688434 3.99518649771386 0.0166858055094574 29.011491975882
247 0.101492651575858 0.0585562825234277 0.0848387658035206 0.062860879357007 0.0419907516844039 0.0426520405626386 0.0426520405626386 0.0616880905116641 0.267349101474332 0.0649463868844751 0.101445571319278 0.298857782799939 0.0885637367358148 0.0894132126687943 0.131000542250723 6.20381950042524 0.0197460100743309 28.966562627854
222 0.0855522473196715 0.0653364509991972 0.0884207577284724 0.055625107557704 0.0395400089117466 0.0406852045667167 0.0406852045667167 0.0865490701178871 0.252628719293504 0.0730766886694012 0.0920566808117832 0.25557671791971 0.0710169558588347 0.0874538897341795 0.14849705249807 7.85962366850515 0.0160772607691782 29.168113372642
248 0.091566198308282 0.0563938520516201 0.0746353603697534 0.061914035890735 0.0461657445571336 0.0399939408427327 0.0399939408427327 0.0789663909788157 0.239765943335834 0.0801412911616001 0.0837704598427441 0.241972400354514 0.0704618445861017 0.086254713518476 0.136845160181723 3.44632727946313 0.0205333691350425 29.011491975882
194 0.10540590894657 0.0638679362525143 0.0715579714570754 0.0857663708597615 0.0464146494979792 0.0423504043337979 0.0423504043337979 0.0981362691950719 0.265411705117465 0.0759079467834378 0.100129735689096 0.227077420024144 0.0642216950557546 0.0927576088928217 0.127028179400773 6.0286757477474 0.0170401663149524 29.2032808965067
195 0.108201281875236 0.0713660693374421 0.0984189187653658 0.0795886838643197 0.0730123010577249 0.0460076384306526 0.0460076384306526 0.0702666602549861 0.242950093689595 0.0744174391268903 0.0658908799909647 0.256934411656384 0.0720805428923857 0.0791677122595362 0.131642796947367 5.77528695338503 0.0199360931841675 29.011491975882
249 0.0876669861120998 0.0675136222556364 0.0758536341359169 0.068513472982726 0.0416002845804573 0.0472655673856816 0.0472655673856816 0.0663166070135653 0.272120470236346 0.0715581306860248 0.0987961087053021 0.223299005990693 0.0672777696547391 0.0750288596096824 0.155682962297279 9.64504410046362 0.0173831977213926 29.5626273556701
223 0.0999699192061036 0.0618173535020039 0.0873228311973152 0.074956558719132 0.045884054158789 0.0437076601062928 0.0437076601062928 0.0946457305249709 0.236392456559118 0.0717908477107789 0.091553361568391 0.275317258306017 0.0771612961449689 0.0801794095988561 0.164264033955005 10.2345747418503 0.0196394201553956 28.4161513171234
196 0.101849307951756 0.0657459557172373 0.0917265153736413 0.0727629042121739 0.046150791427315 0.046277713153893 0.046277713153893 0.065117827854201 0.300869479566327 0.0719253499792704 0.0992821720396771 0.333350753796347 0.0789341529892993 0.0995412329484838 0.142486525977365 5.65987806834259 0.0189634836146787 29.1219508805304
197 0.0950009114392753 0.057920947870358 0.0860852252994394 0.0829057691700711 0.0409245238690825 0.0428402039497128 0.0428402039497128 0.0818133522516738 0.238182099095655 0.0727363300548313 0.0934725139509635 0.216350600293691 0.0834882191233609 0.0873837812474574 0.126690260051335 6.812051115783 0.0200565698280138 29.011491975882
250 0.0931193971001487 0.0682958904265777 0.0889388537281769 0.0747950335982336 0.0491379321430337 0.0409906268553069 0.0409906268553069 0.100503445520217 0.209176337125046 0.0776028848611434 0.0770825084230902 0.252230729172144 0.0804964740915797 0.084202383068555 0.11441875062803 12.1841495609035 0.0207283492034205 29.5257180281593
224 0.0911564706891763 0.0657631713694166 0.091048250546532 0.0826086476108427 0.0441113343231781 0.0465753201350319 0.0465753201350319 0.0786016155133924 0.230628131952215 0.0666846330429572 0.087130794488051 0.249324557060767 0.0737313777847327 0.0819690565807911 0.136309772851978 10.0158552916286 0.0184328292045675 29.1890658937411
198 0.101697720848552 0.064033248948319 0.0898739051419735 0.072143366153813 0.0479580636752197 0.0459583666720537 0.0459583666720537 0.0727257770657227 0.271535054525034 0.0691326405780762 0.108493131581172 0.25184363516532 0.0694990168283624 0.0799603213155953 0.137290941314658 6.50189069119874 0.0206967106834815 29.0985820766294
225 0.13451910189433 0.0689036165274907 0.095560527931123 0.0980955011429327 0.0518574531071548 0.0537763600896814 0.0537763600896814 0.0690158868271527 0.23462783423489 0.0845982543770307 0.0783720798826616 0.201324768492254 0.0763468636133976 0.0802607440063813 0.130135932639787 5.88273144122881 0.0199380962562 28.9392248879164
199 0.103353293367529 0.0719108680829599 0.0892300425368546 0.0850480558551986 0.0536930066689544 0.0490251073558307 0.0490251073558307 0.0844082163227946 0.261873669262865 0.0776389342353429 0.0881824827029158 0.247587123432593 0.0681772024450771 0.079056620860488 0.0940354110836761 11.860263296602 0.0171381246541285 29.3432709082063
200 0.0960624886191713 0.0651052058365536 0.0890370295625829 0.0658190736521201 0.0462270298179007 0.0461637212107065 0.0461637212107065 0.0798222378230404 0.2976259350666 0.0724819151348563 0.0958272391445169 0.226111274089783 0.0765885343092967 0.0932972889430589 0.131931724815307 8.15730057700191 0.0182897923497283 29.2007730415384
251 0.115909002583057 0.0623543935984881 0.0961116623672772 0.082903525818149 0.0544586091049596 0.0492365219376617 0.0492365219376617 0.0735817881913445 0.278980794667747 0.075922609640907 0.0815399612765044 0.258002853670545 0.0670886383391061 0.0690491224894213 0.124625016370719 7.35863333344463 0.018474067576647 28.8134101169369
276 0.109568050791814 0.0682709295461828 0.0927427779960781 0.0711057360780358 0.050636525979383 0.0403786088767688 0.0403786088767688 0.0632896740422982 0.302205362055844 0.0774415849344664 0.0884049598571431 0.245541353069457 0.0751847883596718 0.0733951250227121 0.154539016131116 7.88580086377775 0.0172943130152824 28.3982640932289
252 0.10786747921755 0.0670956163575443 0.0870316025915869 0.0647115683234554 0.0557719114730548 0.0411622064539529 0.0411622064539529 0.0901851700493834 0.262120133967227 0.0736649902976303 0.0774791371706974 0.255111451553497 0.068577578630819 0.0779195364543548 0.152749122279281 8.4697539784896 0.0207272665457855 28.6247481410815
277 0.108456938581056 0.0540369096906579 0.0848766265228209 0.0863117396052563 0.0515505578748121 0.0363671349299369 0.0363671349299369 0.0530271099574306 0.257233130416201 0.0774432863293295 0.0887392965166268 0.218015569617605 0.0774811873566847 0.0764692349606959 0.146833923692953 6.14513867493305 0.0184294998479738 29.0528524133853
253 0.102060978561734 0.0515554774410445 0.0791165814448408 0.0830434614930608 0.0430619151749758 0.0362734235568228 0.0362734235568228 0.08181299572004 0.237945893180172 0.0726351893407109 0.0854675837938851 0.2569381368338 0.0731202858508086 0.0903935630560043 0.15190271230272 4.85277177903453 0.0192022360627403 29.011491975882
278 0.104843534091151 0.0554068642832306 0.086256800564109 0.0726174552277487 0.0446456405456469 0.0441451111294376 0.0441451111294376 0.0671671005133191 0.277506269541677 0.0822543628070034 0.0934413756169944 0.266183521508414 0.0717790233493268 0.0858031449408213 0.153111168930503 5.83996547231766 0.0200612126347989 29.2792586009361
254 0.103600491791073 0.0673098743872006 0.0949324506218733 0.0802312591949152 0.0446079154729702 0.0422663763884741 0.0422663763884741 0.0607612647527939 0.257794704590498 0.0686433949198541 0.0770820995610203 0.24074913116387 0.0841879855169459 0.0843578620992352 0.125279931848845 6.02892020082193 0.0186684928760365 29.011491975882
279 0.098802944863428 0.0638398703814997 0.0869922171037561 0.0768862675968007 0.0460120658998448 0.0371922954253269 0.0371922954253269 0.0751383092054325 0.273073012713454 0.0742947377607693 0.091729001031094 0.232099013952107 0.0746377394347331 0.0891101815935704 0.130672413966074 7.68536288223132 0.0191041760332743 29.1285640843148
255 0.0905758872994796 0.0694428275461876 0.0908504796407009 0.0781980531244467 0.0664065512895764 0.051103598105511 0.051103598105511 0.0620224822238788 0.263083433855715 0.0725056417395831 0.0818359990943739 0.262452129414619 0.0789921982471513 0.0811031480534934 0.160892724841788 11.2162590586995 0.0181240040191466 29.1933988932314
280 0.104673676814628 0.0681144570901858 0.0787182921341849 0.0739808256359321 0.0517126073575007 0.0407087889017597 0.0407087889017597 0.061647056295367 0.240185602164822 0.0837937400431773 0.0756564956751148 0.301361418065379 0.0669174355712434 0.0681000626755254 0.138330987626686 9.80154232550994 0.0188406552230152 29.1083744931891
281 0.0874354673112617 0.0642723498470892 0.0777305012521291 0.0674214142675277 0.045596499768468 0.0452293343949701 0.0452293343949701 0.0632430327861335 0.267523458731999 0.0632947820196781 0.0838424330150796 0.274848083822572 0.0818537313663079 0.0953942405273712 0.126705751274055 9.62803267328766 0.0183874467200069 29.1037391339832
256 0.108625973382794 0.0657241972550933 0.0921284837545738 0.0771558857216515 0.0532864233043704 0.0482206579538489 0.0482206579538489 0.0893524183707009 0.283459146576654 0.077201394254384 0.0741568032650806 0.263055624567598 0.0672011775415414 0.0742141789747518 0.155763703289567 10.6357463830046 0.021868192716458 29.4573561307228
257 0.104937037736104 0.0654322530927888 0.0846410633756773 0.0756161892692505 0.0470236050052 0.0379838517286064 0.0379838517286064 0.0644813413647793 0.231294525429735 0.0632094643061571 0.0887101005322861 0.264479151582881 0.0750428600699252 0.0850390926088447 0.147069095841528 8.52174283876843 0.0211502760049172 29.011491975882
282 0.0943046378358339 0.0716478178116893 0.0808289436298112 0.0740083462516926 0.0424745787497833 0.0515805746342394 0.0515805746342394 0.08895081598823 0.243344663147222 0.0722834165491627 0.0768829422009934 0.246562714196853 0.0683195601683998 0.0690735899237677 0.154242387853024 8.68947514259715 0.0172153019080219 29.3685851586803
258 0.100863627956537 0.0607344425806099 0.0819503787194574 0.0787709968410981 0.0423060303001292 0.0451858327329603 0.0451858327329603 0.0947110260676525 0.259094780927434 0.0708578465055788 0.0982429461358363 0.236981018035665 0.0795409964644791 0.101135007094077 0.133947994096323 8.47144993006072 0.0193773747143653 28.5487465195068
283 0.112132380556371 0.0575290599841251 0.0848924873977823 0.0730462404177858 0.0481600820499628 0.0404860498157901 0.0404860498157901 0.05289794421116 0.233263698588425 0.0758359535527821 0.0768611139075896 0.228176051702014 0.0759777239703339 0.0866765025390697 0.134537899429525 4.54404927772398 0.0180522607716444 29.011491975882
259 0.0925195271024255 0.0619067497784777 0.0882473037551086 0.0761962582302106 0.0484634232213882 0.049585360386533 0.049585360386533 0.0747638124378636 0.243971658933716 0.079605404220567 0.0741295838718646 0.250042646658726 0.0645581265964322 0.0701173183555063 0.137084384544242 12.0839335673303 0.0211080457905165 28.5961676968412
284 0.0997403081602608 0.0824140432921598 0.0811030425354199 0.079132677889198 0.0412764794403896 0.0452777390220866 0.0452777390220866 0.0863579234461395 0.25718535969428 0.0641097585143164 0.0748248413157872 0.229851996026692 0.0676566897271162 0.0697761447064477 0.126229448966609 11.2872726796237 0.0182186119792585 28.6225782715284
285 0.116285888920169 0.0652692148198939 0.0933936467179752 0.0825027848093823 0.0606065540680815 0.0513645471693912 0.0513645471693912 0.0757314474632152 0.263422393497089 0.0751853810179589 0.0913020809171804 0.249760290587233 0.0777027539195266 0.0645030331947874 0.128942209382535 11.2490175366411 0.0184086254939848 28.5386575683713
260 0.103464410990055 0.0641668923522869 0.0688663651366314 0.0721266893685032 0.0473390565316845 0.0537991940524666 0.0537991940524666 0.0845464688144949 0.281753512913777 0.0782411064435204 0.0912572029643541 0.292742604900364 0.0715225664442558 0.10235852558007 0.14339213639615 13.1923868378729 0.0191229275468386 29.9413156020167
286 0.0955205509025094 0.0599025268529695 0.0840760991213883 0.0772683497406902 0.0352237960553019 0.041075807286444 0.041075807286444 0.0611671765629028 0.227687484334925 0.0761384426526534 0.0839032171965172 0.270285490627444 0.0612038861834699 0.097536371164696 0.169190335918716 5.35498852116937 0.01771128521317 28.9937078432842
261 0.0980846055487656 0.062118119823713 0.0929170505562086 0.0734492527913046 0.0372845199662968 0.042168192397976 0.042168192397976 0.0737138753239183 0.23426473672985 0.0732935278541844 0.0875165951188077 0.284016667284818 0.0765586714314934 0.0921855743754717 0.127974829860058 8.77441307965945 0.0176041765321307 28.7828148381074
262 0.108002327074176 0.0652654273253405 0.0883427573598208 0.0757556098701914 0.0431052289161837 0.0543677633463802 0.0543677633463802 0.084506658951306 0.244985959996413 0.0722461704112215 0.0793854839275032 0.258667145047123 0.0690167903878614 0.0800618223862666 0.149772614516327 14.5153781394646 0.0200500653613015 28.9458694126335
287 0.100959763993338 0.0698584369502237 0.0838516921960434 0.0701262977866905 0.0522368879959497 0.0476017088873872 0.0476017088873872 0.081187953110757 0.212828846279695 0.0794297765009122 0.0717630883588143 0.259328152023871 0.079059183028459 0.0631696089526835 0.111588214701772 15.2217526712913 0.0210985227165011 28.1174323152026
263 0.0910265829741006 0.0591224780570253 0.0890306719792236 0.070545524492466 0.0446404902185261 0.0403130296174243 0.0403130296174243 0.065812843846581 0.22020447036834 0.067474609977509 0.0991679797763563 0.216334528450588 0.0733172827558105 0.0987668379939582 0.129547869699578 7.36776352728149 0.0189398895558048 29.011491975882
288 0.119477323114277 0.056770069203038 0.095988320920923 0.0782739716260479 0.051607681297827 0.0457146764205277 0.0457146764205277 0.0759475530502198 0.256137178212745 0.0701743039804228 0.0778052906622475 0.246826891526278 0.0839510895503338 0.0835373885270322 0.167948276794624 10.3514943048545 0.0198653929833728 29.011491975882
264 0.0989094365072866 0.0698134981662392 0.0726798257441343 0.0688731522901046 0.0408795223894004 0.0453500583720462 0.0453500583720462 0.103004137495163 0.266949010062192 0.0689509102323159 0.0877329061071976 0.233763263724976 0.0742438842905314 0.0973240187117378 0.164255834127047 9.09312502280775 0.0181108776662936 29.4270787526986
289 0.0898358743786328 0.0723735115895543 0.0761673741522839 0.0877119367426397 0.0477354277518505 0.0489885245033729 0.0489885245033729 0.073328798221226 0.23306979452852 0.0735681839441694 0.0924401487070141 0.268454660523298 0.0817062335124099 0.0757133535092597 0.107092154534878 7.40615721601341 0.0216099162167104 28.8677812459337
265 0.114146491522775 0.0638835460124 0.0879468079819615 0.076771626241495 0.0484910596911072 0.0384184559195086 0.0384184559195086 0.0755209433004748 0.262751319487016 0.0766193167761931 0.0906796435254347 0.236314053711444 0.0741885502425967 0.0847834260388408 0.147979411566634 6.21357661277465 0.0197157065896238 29.0847644123778
290 0.100517119951354 0.0640944093893528 0.0811855050834995 0.067633797414661 0.0482749869773137 0.0522393883648353 0.0522393883648353 0.0741082815788008 0.230010080975308 0.0763180692329137 0.0842146644778066 0.229937729315359 0.0716628945596363 0.0798187115083529 0.146303001557984 7.4060849763587 0.0179767797307083 28.5527626803431
266 0.0909601322229262 0.0672713868359597 0.0732117120169701 0.0666913245122314 0.036052120393192 0.0468482323033433 0.0468482323033433 0.0973256466818621 0.293189354022453 0.0836996347233213 0.0792450868558839 0.269179391475119 0.0832376117482757 0.10431648029064 0.142089604376195 5.40043956310479 0.0192688681999216 29.011491975882
291 0.0990181986265678 0.0673137022631102 0.0910479004031815 0.0862434125746605 0.0402087065074277 0.0432737939849831 0.0432737939849831 0.0698885957027119 0.249515927124093 0.0712862644018935 0.0878163364387301 0.295086767612239 0.0784090508769152 0.0823356344321888 0.150897363388002 10.4389898261788 0.0188515450624327 29.2257954894837
267 0.10910998969686 0.0550088695039584 0.0922091506178389 0.0865745862493646 0.0482939979670913 0.0449308953866077 0.0449308953866077 0.0826672413034491 0.270198253778242 0.0821661298319256 0.0924617052515123 0.2779787688523 0.0777509594042409 0.0964439325429222 0.207972476366799 10.7942276646916 0.0190765105656308 29.2510439909656
292 0.110297849180994 0.0706188479007354 0.0824991897813639 0.0852864989007217 0.0479071569446322 0.0427071185922183 0.0427071185922183 0.0878216071173349 0.237614113907547 0.0868285878983793 0.0846422045704498 0.240581579078486 0.073800359226013 0.0769744770839653 0.0991451933223977 9.42787965507932 0.0187583349873036 28.9194580092088
268 0.107809351104425 0.0561402535101941 0.0963138640629551 0.083005215711068 0.0522111977428985 0.0477645985822899 0.0477645985822899 0.0670305844576836 0.243779775241583 0.0753373359214221 0.07263262380352 0.265364329022596 0.075496306710384 0.0797576338640367 0.136630837450367 8.69029705399061 0.0182183274516501 28.6503877197996
293 0.106673582637833 0.0668561314813145 0.0878453834111 0.0715652287356881 0.0434809594851623 0.0500889129416607 0.0500889129416607 0.0721088073535769 0.267587775390203 0.0738696521041421 0.0838753508147475 0.231816878315858 0.0689277734995542 0.068508111645941 0.148297910066091 8.59801072907083 0.0202668640838537 28.7403914554082
269 0.10734811202769 0.0604539913272346 0.0904264448746208 0.0717852615779795 0.0374113200879087 0.0460483018421928 0.0460483018421929 0.0731209010433694 0.26761284946325 0.0716552018884077 0.0891705244768476 0.255034232112383 0.0807482020005261 0.0830045498007166 0.130326393962872 8.54962353951864 0.0201207445684105 28.9227142093837
270 0.100549547637178 0.0620468178692408 0.0874081622755812 0.0705050246357858 0.0472843665282841 0.0406407025524454 0.0406407025524454 0.0642831676522909 0.268568332742931 0.0809283574197651 0.0736890812977427 0.24306955820312 0.0682826956024643 0.0670156452787066 0.127071753223224 7.99086897374791 0.0174002001681845 28.6369076636883
294 0.10258960071221 0.0634416335591847 0.0900505751544732 0.0714099036681728 0.0424579856687442 0.0406088701269389 0.0406088701269389 0.0981987893977167 0.254387651471058 0.0713662901911486 0.0713623937813654 0.257451289951365 0.0689662324240479 0.0916973514931048 0.125964618596519 9.49908210920105 0.0181030488440107 29.0161824464372
271 0.102058905788101 0.0683706218392466 0.081627066813766 0.0731126478256958 0.034205775732053 0.0446682808690042 0.0446682808690042 0.0898826966887652 0.253632655665034 0.0676407575720778 0.0900804730803193 0.25335707622649 0.0791355997168612 0.0700540557626532 0.119924594629355 6.89503773396082 0.0193907130129587 29.0173983412531
295 0.103822708979122 0.0596685630926685 0.090049157265404 0.0807390635878907 0.0391849848042651 0.0502886837028745 0.0502886837028745 0.05670592298196 0.238982920375029 0.0829169482618171 0.0995938872816035 0.286775606596758 0.0705088693070467 0.0965767176914229 0.108907494505796 8.31209414593634 0.0204671837188657 29.1491908065271
272 0.119387052929252 0.0601732295481284 0.0857933386000993 0.0831404552971967 0.0522360776994695 0.0466752769486229 0.0466752769486229 0.0885242466890368 0.251184469770521 0.0663817221369945 0.0734104420074225 0.245278895573621 0.0760199231549752 0.0818752882759544 0.152116129034585 10.1935454281838 0.0157255317382094 28.3126619310062
296 0.0933002107086188 0.0625208779069367 0.0947494802209352 0.0621516804172127 0.0505378035735897 0.0425868685130786 0.0425868685130786 0.0800841127936723 0.236271053309639 0.0680866968541267 0.0724751908216303 0.268500813739296 0.0799443225273705 0.0825748636559495 0.147853444723117 10.7106807121994 0.0197749342868194 29.797919308502
273 0.0973795341407077 0.0635502209140357 0.0829505773203475 0.0718810562813376 0.045118788415304 0.0453233577056351 0.0453233577056351 0.0912638361026368 0.238325777904013 0.0791136020490004 0.101955618956573 0.246297422812001 0.074972851763425 0.0835914708540247 0.148037755562618 7.18090016375333 0.0225313521036276 28.8782512949449
297 0.0905684824423372 0.0610129698188636 0.0819243936162375 0.0649130764428073 0.0503460460851468 0.0373556458827269 0.0373556458827269 0.0676433876013717 0.289185185684075 0.065078503812235 0.080522724507802 0.305991060733994 0.0793443204676377 0.0932806948003334 0.126901496040162 5.92630670072948 0.0174067581725766 29.011491975882
274 0.12015121228652 0.0597578048015828 0.0865505298699616 0.079703624470669 0.0426252356807388 0.0383296968876983 0.0383296968876983 0.0665099240668062 0.290523056882272 0.0771827381902946 0.0908194674113506 0.252551661617219 0.0753334436404949 0.0727216432796285 0.124474845778864 6.15793980439143 0.019696339364825 29.0918512138725
298 0.125026783282998 0.0618942110513384 0.0864888433252462 0.0932113920312797 0.0597124511085636 0.0427845486068108 0.0427845486068108 0.0737934613142437 0.28115937215788 0.0741696016048819 0.080383687184235 0.277951978255992 0.0870123130551314 0.074782681080753 0.167504188708143 7.68266579198688 0.0172244485536592 29.2476835574683
275 0.115061057017521 0.0729428032152803 0.0897698053861501 0.0821009230158281 0.0521689489965507 0.0506647091243877 0.0506647091243877 0.0965513941897034 0.210218660804353 0.0727350231352346 0.0733828857817355 0.229273668129596 0.0807737891979434 0.0742595243185852 0.130059241371607 11.3820429652086 0.0206418317645233 28.9578509317282
299 0.109185955556867 0.0697602001419617 0.0905480537358508 0.0824844277876626 0.0456501548242207 0.0447132030465623 0.0447132030465623 0.0968608353100174 0.257745558033856 0.084202432598816 0.0828451745716813 0.260098711899832 0.0779666604583518 0.0887097359468273 0.124223938174044 8.58397684378559 0.0162098653979601 29.529448925833
300 0.0952961035853613 0.0643982869241759 0.0866620167077368 0.0801842112637793 0.0461869693361494 0.0472571580180149 0.0472571580180149 0.0700725557701758 0.259792320935991 0.0693769240781749 0.0790694179617192 0.277285437641921 0.0714520736179405 0.0846915548900417 0.142069556236055 5.94819489526845 0.018918012974549 28.8132786819396
