"" "(Intercept)" "time" "X1" "X2" "" "" "" "" "W" "B_t" "beta_shared" "W" "B_t" "beta_shared" "" "" "" ""
1 0.455674023948942 -1.07345858034414 0.982259853169532 1.12028292369557 0.542425767549268 0.304644077711291 0.304644077711291 0.588672279420055 0.448228275689223 -0.310054553388195 0.456484846229068 0.294198755968236 0.437004799486307 0.260404113564311 0.386219509112901 26 0.305 1
2 0.476317679461568 -0.860158340145413 0.9351878023871 1.06402306247402 0.444899336261348 0.203692228198975 0.203692228198975 0.503588762004303 -0.137811344688922 -0.278718986278583 0.476944651380307 0.00500832415981768 0.224562328334881 0.186884558450047 0.145758281741831 13 0.3 2
3 0.624181755440455 -1.05146674707045 1.06175513288958 0.935587130762453 0.504782540177301 0.294931728136535 0.294931728136535 0.78833136993493 0.299794678026892 -0.249411914006846 0.411576149734777 0.355988280358938 0.386877197067683 0.440868248455276 0.213743625300283 7 0.3 3
4 0.645362887568427 -1.07712149624578 0.947183164958068 0.853292619932476 0.41384557524049 0.128372274225351 0.128372274225351 0.533011926809077 0.735281558319138 -0.360439305641961 0.343762804539167 -0.309467668210165 0.326215920432415 0.341042392025805 0.310536241954876 9 0.2975 4
5 0.421253408577346 -1.02407405310181 0.946761197711673 1.06848785846547 0.487946623657711 0.18072373698782 0.18072373698782 0.557022934749284 0.41472727680205 -0.243984079419506 0.482422268610332 0.500634404751014 0.334245233080868 0.242354418417216 0.359139881840288 28 0.3025 5
6 0.598954124210386 -1.00296673241178 0.982680514618276 0.924497416647742 0.587736788350853 0.110208336043664 0.110208336043664 0.404658936500477 0.371013317487923 -0.270978744292926 0.455970995040717 -0.243791492534291 0.259677409227944 0.311990069988664 0.332179571972383 25 0.2925 6
7 0.533605548127332 -1.07294798130773 1.05766406277675 0.960021758953358 0.501746766510336 0.225054140461723 0.225054140461723 0.359104012255989 0.15452219300603 -0.411506623094902 0.482232655000245 0.706576088054351 0.251906096589101 0.248686711751623 0.420432122617435 17 0.3025 7
8 0.492105160404577 -0.929410464859825 1.15302342099624 0.905420367460716 0.434281240951378 0.156047719315378 0.156047719315378 0.642729402391699 0.453820619719446 -0.188384339229251 0.580908109643429 0.117646887240908 0.242457848578951 0.484686764759974 0.130840039277843 19 0.3025 8
9 0.628463178446902 -0.887865397204506 1.07957878940041 0.842797943854749 0.493298251963517 0.150360698352196 0.150360698352196 0.416403916190617 -0.214256966166422 -0.310898936406125 0.322257864166785 1.09852673285275 0.352696515403505 0.405758034526784 0.108913436966901 9 0.3 9
10 0.415740635974024 -0.948243840512041 1.03307278036521 1.09850342542997 0.540001740036808 0.326428317682587 0.326428317682587 0.609144191817944 0.193193655611271 -0.4378519359226 0.312173980985764 0.261825741152584 0.208073880170759 0.439150931278509 0.123643437668318 18 0.295 10
11 0.422095367108068 -0.861554412447231 0.986804398002017 1.05152333114557 0.503953012800806 0.228626167257698 0.228626167257698 0.613351213870187 0.654597746359029 -0.248970566907249 0.45634876566155 0.227889563144936 0.377134246443637 0.30522468277764 0.359654147555998 19 0.3025 11
12 0.356324049354437 -1.10467340823178 1.04823352109106 1.15697505699698 0.476182673675535 0.212255423149759 0.212255423149759 0.463730340772943 0.224775831143812 -0.253732870976635 0.451029966182503 0.426435107392459 0.358489634703629 0.442476049819255 0.184127486664237 11 0.2975 12
13 0.533507372106062 -0.976415276677731 1.09033858701846 1.00704657527988 0.510547703887756 0.212301636239076 0.212301636239077 0.440560079534598 -0.0459564945546466 -0.249657598565183 0.4526338471428 0.0618692997446764 0.307791109945928 0.258056952164156 0.390391070291617 10 0.2925 13
14 0.398886256827761 -0.991157882074102 1.01252792157377 1.08596334674139 0.50827928820464 0.291249589749648 0.291249589749648 0.83534632421744 -0.0722563694566166 -0.298742003201415 0.560350619851703 0.196052017933357 0.309991481030737 0.25630359944733 0.125365672409412 22 0.3 14
15 0.449899174088415 -1.03605352851096 0.986453846875156 1.09801520555907 0.495806194191306 0.24015273903326 0.24015273903326 0.462384621840381 0.435757986484777 -0.215708119585742 0.307397312628508 -0.149689147831042 0.391016250994834 0.283092890578928 0.213740595940152 22 0.2925 15
16 0.411425938623318 -1.04789294515607 0.942246588414765 1.11671162167293 0.46412219427449 0.257032154161345 0.257032154161345 0.523955161405346 0.280618784379721 -0.0996590820300199 0.481489153168598 0.630378951706027 0.335660936874442 0.180592651804143 0.238653044231436 8 0.2925 16
17 0.187755649113352 -0.925868817443992 1.11599499265555 1.14804153423504 0.52538296585514 0.185026120469784 0.185026120469784 0.352237854700704 0.586284340604436 -0.293355953903598 0.257842041017424 0.734386020930431 0.282715033908678 0.361454109754963 0.480701043010451 17 0.3 17
18 0.359907858298314 -1.13264407135627 1.09111463704921 1.10429647212196 0.464458288762847 0.32307829126175 0.32307829126175 0.67141820270629 0.463296734693588 -0.246095036324481 0.323220725193734 0.6361248727922 0.128756447776119 0.308856543826379 0.401434776467976 5 0.3125 18
19 0.675679934822039 -1.22043928312466 1.00804848773746 0.867538360982992 0.462860998768919 0.244407762187953 0.244407762187953 0.526413303631805 0.46729725785078 -0.279423140730939 0.301324583688627 -0.0177658660595015 0.239112907150104 0.246690732469538 0.27541660326976 5 0.305 19
20 0.562187597587768 -1.12510154127805 0.934950270099867 0.964428485182398 0.444568175781649 0.221260348789366 0.221260348789366 0.572883145839729 0.099283734590534 -0.309063636009805 0.363690136629814 0.248167911925516 0.371555035066022 0.432733647456007 0.557709153254328 9 0.2925 20
21 0.655308165095642 -0.85813674399362 0.995211829224869 0.951649949912468 0.50016982545147 0.263008292511484 0.263008292511484 0.491673836629174 0.340621551389359 -0.190245039542426 0.414262379809436 0.579632383995638 0.19516115588351 0.467276281356265 0.224774493955266 9 0.2975 21
22 0.676529357059483 -0.974011297832345 0.926020351716285 0.912584231728029 0.424862262618531 0.13976436724648 0.13976436724648 0.410244297751562 0.223070859886394 -0.219636106133607 0.444560300842494 0.541476235820693 0.22972676213028 0.174055432843307 0.363382597450014 7 0.2975 22
23 0.610365114504231 -0.93592013725392 0.836120781972596 0.99985957119358 0.571798721364613 0.283747021968117 0.283747021968117 0.490632055453657 0.0709692946350187 -0.328938717922758 0.492024447223554 0.208684537213165 0.300020167811083 0.325936564282664 0.113814484318139 13 0.3 23
24 0.435549080859003 -1.00851201505181 0.958908636147953 1.11669155867031 0.482541688102639 0.13770716278895 0.13770716278895 0.344385314891552 0.194773509978077 -0.274006848069478 0.477025114710413 0.745854653696581 0.317560165354777 0.419549088082816 0.344104499496698 5 0.3075 24
25 0.628505657565461 -0.988420701998132 0.917194289946879 0.928251603252701 0.450121017339832 0.120624920691915 0.120624920691915 0.638733934683295 0.178417738214212 -0.466421335415912 0.454221782462612 0.460193051966341 0.175571284460374 0.322084706467783 0.465618307695931 21 0.3025 25
26 0.483095752618913 -1.01696074575399 1.06379919697999 0.928414162964233 0.443181746893462 0.167367728588049 0.167367728588049 0.469856671227533 0.231509123310391 -0.3048456860278 0.234957759235076 0.569556644913777 0.339044736244799 0.114467422529779 0.460728852202507 20 0.295 26
27 0.614822010900599 -1.19075498922728 0.997464132578371 0.968366413665242 0.496024512528929 0.402504386945011 0.402504386945011 0.612860789125586 0.391767801945205 -0.132731979821174 0.333862065781892 0.334564690438548 0.349863126633895 0.158009615430691 0.293392998891947 14 0.3 27
28 0.344206763441558 -1.04501560595872 1.14622333461515 0.985373300524433 0.537309753247734 0.163206428623249 0.163206428623249 0.450111059817435 0.331822984497005 -0.243362783939861 0.352796141078976 0.15121232801649 0.222610680658859 0.225987567784856 0.169620899696597 6 0.3025 28
29 0.467948626918645 -1.07102148626179 1.03685925846204 1.02173718106944 0.529009681955439 0.234393692018381 0.234393692018381 0.455056663902488 0.109857724376688 -0.390071685995938 0.534253681344946 -0.464267981700534 0.269077450910785 0.33667487867522 0.118348140240667 24 0.305 29
30 0.584643601663993 -1.04795618116272 0.957028912688346 0.98747701285312 0.540768928934373 0.264328552583259 0.264328552583259 0.505383448676638 0.214878898403221 -0.431249360783547 0.552250759880306 1.04117058267606 0.30379569472882 0.420893847115104 0.314847033424874 8 0.2975 30
31 0.514818099456 -0.871938564959901 1.08686288772666 0.927532326240168 0.398448871104461 0.246023050387894 0.246023050387894 0.618827978502332 0.631398749882498 -0.222869688357042 0.291075701183754 0.998458455896382 0.373964914375763 0.184057842651506 0.529265208880509 17 0.2975 31
32 0.456625754637604 -1.0747335027743 0.915642520187557 1.09716517766802 0.460472952203413 0.231676837511977 0.231676837511977 0.430840029963472 0.0163358713317175 -0.453812464474252 0.45754906756632 1.03508435993601 0.366513450574877 0.345691885681735 0.213582922946098 19 0.305 32
33 0.521236551240401 -1.02282593159559 0.857714092378007 0.947392951089472 0.442786368747705 0.159503226693392 0.159503226693392 0.404318052265655 0.111199190626677 -0.351682279131489 0.415944436995099 0.42400054137859 0.468089916874222 0.240531940886382 0.1825247972955 17 0.2975 33
34 0.871562147438632 -1.05204001198681 0.741010738906724 0.819384294793567 0.434489136027585 0.235408109825933 0.235408109825933 0.368580982869303 0.0109151898532452 -0.261179550796131 0.346785361967886 0.341041101510195 0.249608244556476 0.283860632860275 0.264488939667732 8 0.2975 34
35 0.543650462393208 -1.05740022405224 0.881938930906659 1.04840656754755 0.458320768264197 0.2068964573802 0.2068964573802 0.65792593822056 0.41185799302669 -0.312745858927344 0.374936347657102 0.277726209190633 0.385217632663445 0.224596942219899 0.197905697711002 24 0.2925 35
36 0.746135456949727 -1.19917112495832 0.799842963488457 0.883263366999648 0.587432985756634 0.285416220404232 0.285416220404232 0.530853066613583 0.236313776634019 -0.309163299607086 0.328879584097412 0.46755808117999 0.131384675808459 0.0421008223844343 0.441372897644323 11 0.3025 36
37 0.506623293215404 -0.984922232091655 0.888046505255142 1.05461331054218 0.509863699241204 0.177189154139691 0.177189154139691 0.44060790542709 0.512866436182637 -0.209226132353515 0.262486901470837 0.491662814648033 0.4469927885848 0.226109282934508 0.324084753951117 11 0.295 37
38 0.504976953302055 -1.07776425283741 1.01357124939279 0.939815633620181 0.471854701824284 0.149336923050856 0.149336923050856 0.432040981378613 -0.289202585043367 -0.225102995823094 0.446012732679709 0.618529463577679 0.292821729324558 0.135766155082591 0.211391677332831 23 0.2975 38
39 0.623701504702708 -0.978184157884506 0.888001620066661 0.920292170308031 0.442254633229283 0.173901963722294 0.173901963722294 0.490721965039992 0.631891747757334 -0.223660391132667 0.480207517716239 0.0308382949849749 0.340371480819633 0.307667712040651 0.193201637619984 11 0.2975 39
40 0.761288056813022 -1.14788520602779 1.07666045904017 0.805501944404792 0.43768163824203 0.244497337855675 0.244497337855675 0.501638866535712 0.531886539789939 -0.151697563238515 0.398229449251107 0.0611351555404069 0.312716345225042 0.332438033540157 0.502822903654172 23 0.3025 40
41 0.399659201465165 -1.01290265528353 0.948138943750875 1.07951341184294 0.472848375318047 0.190926917630611 0.190926917630611 0.550107028875965 0.224025200091421 -0.206629646528316 0.29803652270722 0.806004171971234 0.353126218712112 0.248992153429208 0.333855077940213 14 0.3025 41
42 0.374200171707138 -1.0099190639485 1.05898864245086 1.08918938969072 0.444160064348524 0.126192127829183 0.126192127829183 0.430325461507526 0.0832158037383214 -0.295489671272378 0.185473523966192 0.536649641665208 0.322113901484015 0.430426029443153 0.473602621071141 10 0.3 42
43 0.503263104400285 -1.04133243554062 0.807970013231271 1.02045909685783 0.4173058701103 0.145399159512548 0.145399159512548 0.352730224872191 0.323619357497517 -0.218107965031576 0.488607364764093 0.490301966327419 0.23045577972311 0.353933427654451 0.560394554743816 13 0.305 43
44 0.460081149717308 -1.10773610650748 0.994937415739263 1.02693378690253 0.507124306345897 0.218876551947451 0.218876551947451 0.447400888835618 0.289370893027028 -0.366291394546661 0.517419759158228 0.193349280971022 0.122081632833643 0.261983727487208 0.339186493620245 23 0.2975 44
45 0.546130037748618 -1.00685371372532 0.889601150480332 0.968414322551738 0.570379743365123 0.270206768313638 0.270206768313638 0.375193958017056 0.49309213473868 -0.19902326389383 0.31145411782223 0.192197676142507 0.249305229143494 0.424603392574256 0.300881767048783 6 0.2975 45
46 0.67637434516984 -1.06947825294999 0.831251695468611 0.9721998713853 0.441115931562453 0.172868811989758 0.172868811989758 0.609343292203676 0.210602120337367 -0.290775003264382 0.65411464011937 0.611400500258016 0.279149398292582 0.260196300290094 0.249166543143744 24 0.305 46
47 0.585674353330258 -1.04087804370416 1.25114901051372 0.832640767746961 0.534367933535707 0.162932587806036 0.162932587806036 0.603431243626172 0.434814757642777 -0.168796405076073 0.455070474372927 0.449720983498953 0.433755315432311 0.309566470934206 0.142840927712686 8 0.2975 47
48 0.49374388443045 -1.04746245905573 1.16238498966191 0.976605646170696 0.524779181655964 0.111788337304917 0.111788337304917 0.551409305469879 0.140082240954209 -0.219932103397933 0.313690111177107 0.439290968530482 0.244620120319686 0.22957636364789 0.457050623586737 15 0.3025 48
49 0.673687511112982 -1.10292907660156 1.02588963463275 0.876536920919641 0.522060072612753 0.223650566570467 0.223650566570467 0.588878505313836 0.253057895457541 -0.339991970717483 0.461052657103653 -0.0944817411225267 0.0964648501845781 0.398511900991047 0.389125618877501 32 0.2875 49
50 0.567051628401487 -0.972074071545422 1.00455862078072 0.86484961784426 0.549326440588951 0.229134289510856 0.229134289510856 0.433746901695445 0.202575282194371 -0.179939748761518 0.850469596163021 0.173965302847547 0.464334231882017 0.431207159809614 7.36802938380119e-05 20 0.2975 50
51 0.491783111341304 -1.00757784401882 0.984371642853094 0.98165851321599 0.456069221608657 0.125706062479261 0.125706062479261 0.827819235619553 0.64106543225893 -0.168657865157784 0.387599728160482 0.814422470440713 0.44457201161886 0.292695562895292 0.398560644762776 32 0.3 51
52 0.513294818189364 -1.10604594315502 0.853511070258214 1.07700796230662 0.575985059599754 0.208765994826313 0.208765994826313 0.635741051744774 0.215105998919215 -0.303605460599846 0.508736123847071 1.22169564117865 0.24925945117552 0.480422909159145 0.299613169039918 22 0.3 52
53 0.549309968785871 -1.03292923530081 0.934841210482618 1.03138428802937 0.468995843440237 0.210017450651137 0.210017450651137 0.559439774820636 0.691500131462513 -0.337197302641866 0.606248464929175 0.745023780178238 0.130592553967315 0.334013456283752 0.292110571453773 22 0.3 53
54 0.383843573468183 -1.06908949759022 0.984166749957078 1.14927826765052 0.598283326702461 0.179287401109514 0.179287401109514 0.579716033499505 0.128825544328668 -0.236680374879108 0.492065609958478 0.0978997725184585 0.301909689181705 0.0826666177589604 0.493258548607478 12 0.2925 54
55 0.506118468895969 -1.11950313402462 0.880949030979649 1.13200123698249 0.406515614868326 0.275397489751209 0.275397489751209 0.673516428813556 -0.229222581193358 -0.44351230779075 0.348533520738881 -0.0717275512369958 0.143565902270152 0.281769795414641 0.269565981710891 6 0.2975 55
56 0.554912063231756 -1.02007773766558 1.00957403661703 0.972715687205898 0.442487316010013 0.213791140531641 0.213791140531641 0.555333149207519 0.618884117385379 -0.266667946797145 0.509826553763258 0.580506721966109 0.241490288699702 0.571487568507504 0.312411630132819 8 0.2925 56
57 0.417812972242228 -0.915311184148501 1.11438136389958 0.900814623177534 0.585249944407128 0.169105967846419 0.169105967846419 0.465511835387715 0.95210355979544 -0.294384153722143 0.319688119418189 0.799053194058098 0.153543489664596 0.310037911231292 0.489580609053827 27 0.305 57
58 0.575827238232081 -1.03430033429532 0.962891428168827 0.913150030236041 0.418307464485833 0.166753498900849 0.166753498900849 0.652931319433513 0.720373702145309 -0.468757788129918 0.583179940390671 0.379528551840021 0.25444832082338 0.363658954017474 0.369825887403753 24 0.3025 58
59 0.399854504989191 -1.00618217841152 1.1487168171563 0.981388896914305 0.45957337161406 0.192550090198579 0.192550090198579 0.43148436947667 0.374228872023151 -0.255613797269725 0.390500779942884 -0.0515512760855313 0.237237531001644 0.203554015839782 0.277224091433354 12 0.3025 59
60 0.727058284824557 -1.06041500949286 0.955439577013262 0.761288095981588 0.534837335974758 0.258371185815519 0.258371185815519 0.582328681047795 0.778156379335126 -0.181122721395153 0.40606323166713 0.421841342726629 0.254970756267948 0.341743410634851 0.242788320750258 7 0.3025 60
61 0.519967749254763 -1.13802690731098 0.833152193986754 0.972615468606765 0.486232488987451 0.204286046526583 0.204286046526583 0.435973887181926 -0.389399944143182 -0.338489334507342 0.509081168959387 0.502951719433558 0.251274744862798 0.289855702313816 0.419586088287732 28 0.285 61
62 0.931370805224509 -0.996974326028815 0.970268595232427 0.72887852419033 0.350211258215525 0.139082620600429 0.139082620600429 0.520806756087173 -0.171948315383163 -0.269889199619983 0.408565037410438 0.342583118511888 0.233478030433652 0.505284684847959 0.347606142153995 25 0.3 62
63 0.737990101626566 -1.02382706498323 1.02879060018384 0.684519919951001 0.618311980114022 0.234496568104747 0.234496568104747 0.438614395491242 -0.0965730886696049 -0.373706245970707 0.502090870725417 0.695789451795221 0.365818883557732 0.43747996946671 0.278574978548003 20 0.2975 63
64 0.746611263407915 -1.04241827157321 0.685922681461285 0.832994646260967 0.460321952170524 0.143982099290511 0.143982099290511 0.65813664783058 -0.0267861894850474 -0.297134365003091 0.354994152402125 0.0545989661542854 0.290572228752243 0.21123248367155 0.287656980390207 20 0.295 64
65 0.424490654160334 -0.965921269033873 0.808976790195786 1.14541491212774 0.459701318487759 0.166813659116405 0.166813659116405 0.463620845689122 0.458181876332517 -0.254271316885008 0.575362370339567 0.465571209617392 0.587413043754887 0.309811059467839 0.19326124627432 9 0.3075 65
66 0.596041358712987 -0.932847034239259 0.963019086777553 0.979763443580477 0.441368548255832 0.209174610130125 0.209174610130125 0.448322044028991 -0.0482078632426352 -0.351263160930782 0.510211527561444 -0.297264306541948 0.322324100224701 0.299065409677391 0.245822174530607 32 0.305 66
67 0.690203542406697 -1.0602714656977 0.850985652518065 0.95601035597229 0.490552021387963 0.180307973091149 0.180307973091149 0.464920415045237 0.350816458748962 -0.274640277825907 0.456041104317385 0.0437699456450889 0.296207045081521 0.310474273349311 0.174028377995671 14 0.3 67
68 0.387065904585119 -0.953233705864168 0.968571018912337 1.06473976001462 0.490339167235125 0.215421217582247 0.215421217582247 0.420815975413581 0.40551695653339 -0.196685027045147 0.728852443098972 0.308519545037585 0.255046342299825 0.486046144446724 0.653937477992096 22 0.295 68
69 0.440141350572048 -1.07139511605985 0.933772744646855 1.01409180568333 0.542712160370268 0.106262363750018 0.106262363750018 0.411418196473164 0.454583367672926 -0.246033458637813 0.33745290115526 0.400045348552541 0.273354355905721 0.151055280336837 0.195007322819618 4 0.295 69
70 0.576359873023673 -1.02099712023191 1.11572481071484 0.915993695595793 0.35896241720831 0.17156870578261 0.17156870578261 0.53933880995762 0.84609922913158 -0.412078411050648 0.422635141130733 0.634947508956333 0.302200875588932 0.292976142315127 0.572467179040964 13 0.3 70
71 0.450244977279854 -1.00341444032695 1.24606312461635 0.944177313549161 0.446748984289138 0.243544588272302 0.243544588272302 0.448463728196756 -0.117911653221066 -0.138569175700817 0.323671108477875 0.855802974140729 0.236309759641337 0.387790289145526 0.533161902349984 6 0.3 71
72 0.497480227625059 -0.948910622211488 0.918816197010159 1.07879267924667 0.574324525689574 0.256925336301158 0.256925336301158 0.512675445222611 0.55484296767756 -0.31539020116593 0.322089890192167 0.420158956709938 0.241865740839281 0.271293100329547 0.490107155377563 11 0.3 72
73 0.710915371350336 -1.14096361270305 0.938307718104627 0.840183934930821 0.483136648870088 0.229076335012859 0.229076335012859 0.379120877200603 0.502606932528268 -0.517136650682149 0.406772326497932 0.579234172029271 0.263410134010331 0.336642864890318 0.308503655059799 6 0.305 73
74 0.501147960586946 -1.0798660378518 0.898233729258568 1.06164505793596 0.404034415725939 0.265411294487765 0.265411294487765 0.584528429586038 0.28644744425894 -0.361120578680153 0.470804079287654 0.676450980020535 0.192061240406281 0.441150326199569 0.355320888317243 13 0.2975 74
75 0.624274431436479 -0.915846064873765 0.974014152093233 0.909768101217146 0.565706228299656 0.125448329278316 0.125448329278316 0.297247788451733 0.349738256864109 -0.359274077067961 0.368374539693592 0.829013394050617 0.347937575830955 0.130317698073633 0.425037068978345 16 0.295 75
76 0.507620767184449 -0.89741657533885 1.03483940702954 1.02019759950911 0.506130713261947 0.0716492023580241 0.0716492023580241 0.746311452501502 0.397949426336012 -0.301187715459268 0.416225769002636 0.52634557336804 0.398404574537318 0.319425481634162 0.259299448752228 8 0.3 76
77 0.808929528638993 -0.98436184367811 0.826220835684844 0.842835500984864 0.504069320264494 0.169891184832631 0.169891184832631 0.462534771146548 1.0724712719225 -0.199182084548379 0.250198949978276 0.806109806992714 0.322323173478232 0.209313084281531 0.426588141497666 7 0.305 77
78 0.453690618245123 -1.0041912382829 0.739504934046906 1.09079378733026 0.536999545062498 0.147472783758753 0.147472783758753 0.525908846919636 0.448101678642496 -0.223965253772718 0.5409887246991 0.241431121524515 0.189975840713752 0.44728359021981 0.328650235552968 8 0.3025 78
79 0.517349499112145 -1.08743881071302 1.04383094510742 0.965683310624638 0.427879028197091 0.19175492581378 0.19175492581378 0.465626689358709 0.740380973862111 -0.40334636468302 0.371539609389365 0.647860976641008 0.344043231798252 0.376698680232694 0.500686014989807 7 0.2975 79
80 0.50702211107444 -1.04847897383063 1.23064404995652 0.915149331598091 0.519662971902415 0.157813789019427 0.157813789019427 0.355237618152411 0.344804005248544 -0.141571394172835 0.583796495106675 0.534294408263908 0.21487874042539 0.250216969762765 0.322005442692523 12 0.2975 80
81 0.492801209158291 -0.902455244130998 1.06662528671667 0.884976774467342 0.511066987207896 0.224866329296974 0.224866329296974 0.618296282542217 0.376096827014856 -0.207331754568841 0.375725984013382 0.637286086160239 0.182887820896913 0.335602016715231 0.0256581801089138 14 0.2975 81
82 0.509749904762078 -0.99217026633181 1.05167002628986 0.93005483156278 0.485108166391929 0.289911549860454 0.289911549860454 0.736456408687778 -0.0762885471074872 -0.270759993603497 0.578267884176924 0.357179634076369 0.38664634251308 0.279902174655713 0.337509740840752 8 0.3 82
83 0.355910028153251 -0.945506126654206 1.14526944516294 1.06214703017149 0.59226406906298 0.27763004399247 0.277630043992469 0.532145534308924 0.74053239002651 -0.154920338427362 0.481457387818467 0.321101960503893 0.375988428228141 0.327555247394517 0.264882297099858 15 0.3025 83
84 0.379659226543145 -1.09278558916243 1.0614704327515 1.11823894217666 0.499336157867269 0.140186751435098 0.140186751435098 0.68438602367375 0.37498340882913 -0.387796708105884 0.592610652776766 0.279338551322595 0.306542249170591 0.338163639392708 0.701927960692636 26 0.3 84
85 0.297118906041851 -1.06030431558714 1.08938250957302 1.15739323225356 0.491446975140937 0.134386406825915 0.134386406825915 0.515401105395269 0.226180059356252 -0.318181398019731 0.443749334429685 0.570516931945424 0.293829572621248 0.290217371754649 0.296905906698302 21 0.305 85
86 0.440986129636036 -0.981410344209583 1.11224975994741 1.01837373949832 0.459355767310279 0.142844646624473 0.142844646624473 0.453478101399629 0.405526175210593 -0.365820321753492 0.479756167986484 0.142377834188807 0.243677465205835 0.383927453082419 0.246639125072104 17 0.3 86
87 0.469866322383901 -1.02924615822299 1.02566800573565 0.994078671486393 0.400181702284947 0.181730473395554 0.181730473395554 0.531965176802114 0.64758399871869 -0.313791256390103 0.36385261085435 0.546297909333306 0.109926961527265 0.379243674217315 0.378755502261466 19 0.305 87
88 0.558435870275668 -0.894142697322951 1.0163309316674 1.00414785923879 0.534017795774581 0.185018852995979 0.185018852995979 0.472100163348514 0.584756674396163 -0.229815700445374 0.439809950833478 0.437569094839181 0.26411519791191 0.511053199446875 0.103038733029706 27 0.295 88
89 0.647721591665765 -1.01594962052342 0.888534013762966 0.94330848646663 0.528993988705777 0.213070476232361 0.213070476232361 0.417434197821568 0.365747915412594 -0.324945085689893 0.331421358409879 -0.0121575361287589 0.394376552663418 0.278573683204822 0.412396033923888 20 0.3 89
90 0.451454125275613 -0.955857699156384 0.95619713162805 1.06466521783677 0.437559936309664 0.156972316597812 0.156972316597812 0.377473792997888 0.357382821521321 -0.366395643591557 0.35128101241989 0.851333527975792 0.22496424934956 0.32934350655588 0.305397048525655 16 0.3125 90
91 0.60127192191446 -1.05678256297763 0.94167173486063 0.89827396005992 0.406025511989561 0.202249846262519 0.202249846262519 0.409916725079306 0.71411414497 -0.324875482606108 0.516904610872504 0.40026238156444 0.321411072743153 0.258537078304952 0.311311764702533 6 0.3 91
92 0.470185778011666 -1.00541531413493 1.12033859941882 1.00843777869397 0.467583581433509 0.178162684420969 0.178162684420969 0.626026366692265 -0.0385845221154181 -0.408086340579502 0.396662880038467 0.0783806822654372 0.245124184407347 0.224368637745739 0.041833314295731 13 0.305 92
93 0.594437327016011 -1.0495007237077 0.924665898561861 0.906026801347995 0.471427819297985 0.174509019014066 0.174509019014066 0.539947093998485 0.610755628806263 -0.295387447584457 0.455523397011266 0.412251339574172 0.419824274658485 0.230805339413471 0.0912025939846497 22 0.295 93
94 0.617324034299597 -1.07717416173848 0.979895630314237 0.86842995561689 0.380892122312111 0.23833785388489 0.23833785388489 0.578738522073106 -0.290403452734054 -0.18125619859138 0.323820590747833 0.639930584255461 0.32818078247205 0.319047324180992 0.247194405874731 7 0.295 94
95 0.39239958971444 -1.1142231409572 1.13089136432347 1.03652190800361 0.438159296728479 0.275203242587617 0.275203242587617 0.519324763005923 0.219257477824598 -0.157999478039568 0.46611709976387 0.0381360566197825 0.494082109383772 0.520368237508846 0.665340246395813 21 0.295 95
96 0.308547609460071 -0.844301310142752 1.05660676237144 1.083766168427 0.553369278256651 0.228699126511442 0.228699126511442 0.530781279488424 0.596829844526354 -0.229205093479335 0.29161273402369 0.200200844369414 0.316395107741031 0.16766139919108 7.36802938380119e-05 11 0.3 96
97 0.428044563590787 -1.04496338343895 1.14384676993774 0.953144916336049 0.533721086329325 0.275845070938177 0.275845070938177 0.464784177555398 0.518838852239717 -0.35023000492531 0.413289964670016 0.755785538433354 0.264978159661462 0.466637449520612 0.34355296213589 21 0.3025 97
98 0.61050602793864 -1.05526544715203 0.762042103740885 1.02969998611016 0.543259110121478 0.238919231514042 0.238919231514042 0.271063219429819 0.41606151688967 -0.190120384319099 0.310001585966055 0.499798501420244 0.358229486615565 0.338953214489429 0.159037099432071 13 0.3025 98
99 0.546545515804276 -0.942003545023578 1.11338713813742 0.868358295427369 0.526228283044828 0.136908934490758 0.136908934490758 0.565184745001877 0.0654052631107538 -0.554116060013828 0.377492066222929 0.392801473190718 0.464732320400232 0.231422014845279 0.321455703609725 25 0.2975 99
100 0.498303726299942 -1.01428999593505 0.964726552244685 0.923979373362138 0.542385665024279 0.202403350804838 0.202403350804838 0.635384386317398 0.831092991670781 -0.134023330625177 0.334393014594621 -0.0943712864022588 0.350119569886167 0.303452393708542 0.10116243245542 17 0.3025 100
101 0.569467616464315 -1.00637581489067 0.915771261565163 0.915317394288536 0.427399816083814 0.272502727860455 0.272502727860455 0.450587213777209 0.0128168159376586 -0.436893737075374 0.31055454265919 0.582402173105723 0.39329943042958 0.171098947891228 0.254977799274804 19 0.3025 101
102 0.456094408982297 -1.00536559621944 1.06062744343534 0.965700395692726 0.41745062695347 0.140286894799038 0.140286894799038 0.443589390052364 0.0670050368744211 -0.218236045260076 0.372173771724952 0.645913671071598 0.352798042389748 0.313484312354914 0.148597906109624 13 0.3 102
103 0.491322206459486 -1.0138983892462 1.04412773154046 1.02536470162775 0.546358643115203 0.188787667653763 0.188787667653763 0.35830087176291 -0.005555315892478 -0.232049043535315 0.517083427269876 0.450984339608924 0.323378203513377 0.290337761089803 0.00907155647156538 21 0.295 103
104 0.431030031315641 -0.943180951147375 1.04330675909861 0.995711454673022 0.554679132854841 0.161812147007812 0.161812147007812 0.515747337110846 0.347675506037973 -0.33285291868007 0.398306193026107 0.245025736323854 0.39027605068073 0.239987513452609 0.315956516190473 21 0.295 104
105 0.611545829359935 -1.15620354539272 0.939385332744149 0.929125450583741 0.522385958267553 0.307884819277784 0.307884819277784 0.626603933233722 -0.238397100845345 -0.283700963987537 0.465068444285808 0.676794248947863 0.230238653166425 0.440123640984716 0.156069470679478 15 0.2875 105
106 0.651362035242985 -1.03229959671178 0.785795659252657 1.0414560850461 0.523760145641007 0.175831853388923 0.175831853388923 0.60284486561907 0.765103548218399 -0.263586625274664 0.585401327461354 -0.127360742080296 0.472319420830588 0.309978519082685 0.305579532511333 20 0.3 106
107 0.443065589100339 -1.08226381878992 1.07100563210913 0.977531209510884 0.505314761811323 0.225769751138358 0.225769751138358 0.481324755218192 -0.0351081699518956 -0.224858165829891 0.333634825481285 0.353823857722355 0.38074623379924 0.25839549719154 0.345819663411912 6 0.3 107
108 0.536871465310833 -0.954726653831115 0.802699057213564 1.11457912331419 0.45143713317638 0.0801791344090199 0.0801791344090199 0.472758644639723 0.440948543506179 -0.334098138037314 0.10438862727794 0.446691551866324 0.318966721569058 0.221245592068881 0.187273216540296 8 0.2975 108
109 0.595594441696775 -0.938624596204748 1.04899377504772 0.883994448740728 0.527527295295547 0.177983361464598 0.177983361464598 0.512489340106169 0.597820048207039 -0.300826231495258 0.290177803683027 0.129458327799747 0.154920113120511 0.304638544873111 0.235904272787393 6 0.3075 109
110 0.449606483048643 -1.05719080719824 1.25884008653533 0.838536413286434 0.399743395067347 0.181404671062617 0.181404671062617 0.336704467207877 0.486196752028114 -0.501552151804698 0.483203709138814 0.493516815719547 0.312956500601587 0.202555641971788 0.343944564368502 9 0.3125 110
111 0.275511216150987 -1.03221519086243 1.03890987069617 1.11354942468513 0.506393605441253 0.265341369352716 0.265341369352716 0.425212445021647 0.0432479253771656 -0.203018005860085 0.483410114402921 0.683026714884034 0.262910541905807 0.205293796055653 0.388637239299422 19 0.305 111
112 0.592536086523542 -0.960266347006089 1.07541329221896 0.993277476064662 0.546940351716669 0.230727722841113 0.230727722841113 0.47620420295453 -0.0577933148430054 -0.224236862538787 0.372452540770978 0.274169608596345 0.296992181835256 0.247886443556092 0.358458151416243 19 0.3 112
113 0.70599820346403 -1.00857128179091 0.727921985990903 0.94907680938018 0.524552155472531 0.197287650522957 0.197287650522957 0.494916869086196 -0.163569584997265 -0.293353080709287 0.363871502870645 -0.00592202280053811 0.179342509076473 0.428737978871956 0.406271921288192 6 0.3 113
114 0.526209213423235 -0.979859618333103 0.966945846828877 0.982098873938253 0.556438495572958 0.0967325100885135 0.0967325100885135 0.593210643289595 0.426676840376454 -0.34526190799177 0.365161117263069 0.648481972747589 0.246180654953141 0.247634632317042 0.208438149081266 25 0.305 114
115 0.624176898381777 -0.911846196920672 0.87995226728726 0.903066006704224 0.577044619720314 0.0818902180204106 0.0818902180204106 0.453739446804246 -0.115523744885852 -0.287863488587989 0.641556394700334 0.448453894288317 0.634005793987289 0.48999464599846 0.274009321113299 19 0.3 115
116 0.790489279555375 -1.13972772131648 0.901673468519364 0.772292805278156 0.558792822688313 0.226205568913047 0.226205568913047 0.682706405550691 0.271319887603875 -0.304505203390222 0.336969439571081 -0.0324615613863942 0.397913433966846 0.397324512145138 0.581610704167256 7 0.2975 116
117 0.485717470907862 -0.917737322327309 0.971887794969175 1.07140078437435 0.520453895149566 0.229264205768024 0.229264205768024 0.473996853168611 0.612875142932829 -0.328483743121417 0.199402452660318 0.200329184211606 0.381950243809298 0.231757164546496 0.558296654550766 27 0.3 117
118 0.799379573996934 -0.925226766651756 0.87520307111595 0.797503389618229 0.568906239883956 0.237533469632403 0.237533469632403 0.445797034334612 0.184703315230844 -0.260589107778794 0.131763577400906 0.463149760530858 0.209331710290861 0.361268012023877 0.459347248569743 7 0.2975 118
119 0.867328032286487 -0.77473231287166 0.882053488889036 0.79430206155282 0.479266967784358 0.150921096239157 0.150921096239157 0.413422061605776 0.33721482443671 -0.372122946273209 0.469810599165982 0.508725161641136 0.36556325713326 0.382251718134794 0.553930924421878 11 0.2925 119
120 0.415598472157 -1.01815475754172 1.28392547692664 0.932434368566044 0.570176459458761 0.205686957243479 0.205686957243479 0.378246550960971 0.513824975493156 -0.386324463528164 0.309275964498271 0.338399528971144 0.452781161549756 0.367551688044505 0.383776161836473 12 0.3 120
121 0.692626312635411 -1.03486735437427 0.963522910691925 0.855139787184875 0.463655850427495 0.26758330212886 0.26758330212886 0.521606409527511 0.557162121630185 -0.29302060925269 0.26289549440208 0.979363294381146 0.251332003054558 0.307617960438113 0.519800661440093 16 0.3075 121
122 0.532362389520802 -0.89001154290624 1.11157415738987 0.895392935206053 0.499992162348851 0.213453272766902 0.213453272766902 0.379343658828721 0.129898145176662 -0.30440958139407 0.348447653081912 -0.233157619025409 0.305063492280343 0.344176430240279 0.190362268676065 3 0.2975 122
123 0.672379819958474 -1.116682428411 1.02230611247076 0.864199554300345 0.510144501987684 0.348008860527307 0.348008860527307 0.507523935991524 0.196620086310697 -0.275745603385784 0.495741829155822 0.456502082463152 0.259894353976068 0.355762617228643 0.348908285571097 21 0.2975 123
124 0.327628137469346 -1.07677818344296 1.06698889479251 1.04550689128571 0.389755532623334 0.256184028795868 0.256184028795868 0.515645334066285 0.32227405936532 -0.251051489786776 0.69321323893718 0.100009480484529 0.4809538950739 0.24161719572598 0.126935483659488 22 0.295 124
125 0.463834608097322 -1.09663337765236 0.98715136539256 1.01144645064983 0.51306519674786 0.170793781899026 0.170793781899026 0.591482592299823 -0.084735249238433 -0.280419281454182 0.486908463694126 -0.0266988714642204 0.417308648453539 0.356240407065669 0.416989983316613 8 0.295 125
126 0.544077521576207 -0.991778160156889 0.926619457868743 1.03555226153055 0.459801408800417 0.27531748700239 0.27531748700239 0.426903447016496 0.40991052514041 -0.291952912571909 0.322475441558828 0.15393931017908 0.531588609912784 0.279031654264298 0.322059720304381 5 0.2925 126
127 0.303375192109806 -0.925925156566339 1.21979626276628 1.08293815355351 0.47684394784191 0.175333066968439 0.175333066968439 0.561416400493442 -0.0249924129759295 -0.24318993080804 0.356097584764696 0.553032029857261 0.1564561441918 0.324252424321862 0.232783682516986 5 0.2975 127
128 0.346809785017282 -1.07151902174796 1.09873319072366 1.08040247160461 0.472539132270124 0.204843349114195 0.204843349114195 0.524430779479882 0.456974894472145 -0.249517474050937 0.293788777072158 0.383173710263877 0.323836419425973 0.190394190730396 0.355521836911735 13 0.3 128
129 0.293514718841278 -1.06682397685112 1.1288660394014 1.05427416642456 0.604423498573634 0.218923227896225 0.218923227896225 0.382028813016149 0.0212643057817443 -0.449634114419041 0.41789466435077 0.37149481900679 0.260361842485764 0.346954692776935 0.45579147845712 8 0.3025 129
130 0.623080964478189 -1.07943334837138 1.0156065184468 0.846362278540461 0.442903185329111 0.259358852951582 0.259358852951582 0.591756745200413 0.715000189934683 -0.320494204749431 0.472802247832191 0.592298540732521 0.348051960931517 0.280863688741565 0.222066274125453 15 0.3 130
131 0.35548442550448 -0.90475698725595 0.89674660500916 1.10108821788831 0.406619942577845 0.206206049419203 0.206206049419203 0.502758482651092 0.69707294678456 -0.259499850203477 0.451902513224989 0.811929637103302 0.430496163259044 0.362043335003574 0.279915609297261 9 0.2925 131
132 0.556705900856934 -1.07704508782857 1.04062826159708 0.978919734301028 0.466729578308431 0.224781707999273 0.224781707999273 0.551599107634805 0.715465618877467 -0.323527423980892 0.418725134284785 0.366863893853235 0.274212556128819 0.385474581853672 0.234396134400457 14 0.3 132
133 0.449787025585828 -0.959844051628738 0.99324384313358 1.0165174799307 0.585918567770074 0.339220639625695 0.339220639625695 0.642724218590855 0.25355625626295 -0.458379289855248 0.519687837636277 0.54759809848478 0.446632955605019 0.453654260802044 0.0621220140249892 31 0.3 133
134 0.455653411444825 -0.98312871172815 0.80583785049125 1.11508536119371 0.496375559360526 0.187208370044846 0.187208370044846 0.500581129552868 0.462115609803772 -0.0815955932796263 0.403698114551066 -0.102018048408921 0.334565641325449 0.168756884026665 0.344721698697121 21 0.2975 134
135 0.521441180602938 -0.947516474131211 1.07115552995312 0.895482035902324 0.505568065345081 0.199673745290886 0.199673745290886 0.550442238500422 1.03663465104479 -0.394633549024288 0.504548903330829 0.152011254009083 0.247429257074362 0.263039422669585 0.0625098511155678 7 0.295 135
136 0.470977739689851 -1.0221760631397 0.990351259956603 0.973738226194314 0.445599862261109 0.0963745318268926 0.0963745318268926 0.511603801471145 0.587839218256367 -0.273857162777377 0.431932748188219 0.573187020802991 0.211017655250228 0.471540756435727 0.375798779637464 11 0.3025 136
137 0.728519170270893 -0.929449091990952 0.923226680256992 0.925604780091321 0.402337593197962 0.168323052823369 0.168323052823369 0.547213826689918 -0.0897870490350938 -0.344632306194363 0.339785708743194 0.524791742819209 0.444284467738597 0.334044012154769 0.601234661282067 8 0.3025 137
138 0.670706225713045 -1.08790819299024 1.00449747684121 0.832445001174161 0.380628532150552 0.100225327659356 0.100225327659356 0.360471615144338 0.106159698956791 -0.379597904966139 0.489739637388729 0.452973527144225 0.442310849064606 0.236246115444977 0.387843254029725 24 0.305 138
139 0.41185065685341 -0.982366026946068 1.08868880524352 1.03897829111565 0.414413724364552 0.172088913056086 0.172088913056086 0.280604471962233 0.458666996044445 -0.390164830253769 0.701341859347858 0.203354386793986 0.229861250495294 0.43694612159903 7.36802938380119e-05 5 0.3 139
140 0.61571317807041 -0.921364251863068 1.03017692659422 0.955867826993443 0.565977176159537 0.203915411575923 0.203915411575923 0.592765028563738 0.521227485911197 -0.295755069488813 0.334481437980804 1.02179595455473 0.329555335969153 0.296020370823922 0.410496483084068 27 0.2975 140
141 0.506388097380743 -1.10557711078014 1.00692899928697 1.04980398408422 0.548131484856951 0.261117338930428 0.261117338930428 0.445662204026723 0.235778191821027 -0.421905425210236 0.529346175978616 -0.310391040794385 0.305966227176401 0.273668440060491 0.29911946230485 8 0.3025 141
142 0.587462154485961 -0.856708876558706 0.936421854949078 0.975346285862332 0.453883312873306 0.120754261433466 0.120754261433466 0.39144100885772 0.205540227042576 -0.302011055914386 0.69558974704357 0.13305269121019 0.372634832822426 0.270384738469174 0.288034441456017 10 0.3025 142
143 0.400866127875382 -1.05591410792849 1.01279616121686 1.01202260198343 0.38083589494524 0.117439295512413 0.117439295512413 0.384820385380572 0.337609988924112 -0.289785309098986 0.49542446905115 0.911573004668896 0.192189376526973 0.282293236146972 0.311341415653156 9 0.2975 143
144 0.605757919899821 -1.05987761543275 1.02681876903161 0.860823086638471 0.452470644035262 0.208848620502929 0.208848620502929 0.617890800568046 0.0407433722368517 -0.115910705344612 0.427870573316892 0.322359192408569 0.449683270445623 0.419448681548758 0.129380648475726 24 0.2975 144
145 0.646550578202655 -0.940358730498499 1.01145692755584 0.891430464391958 0.467649382958746 0.292973093861916 0.292973093861916 0.388846538818148 0.98736547941073 -0.3447885136826 0.345280189701399 0.489591361631305 0.262838735659169 0.346322383176899 0.16497011508551 16 0.2875 145
146 0.606123497019522 -0.901030051536935 0.967708386610411 0.929176406293628 0.524552382309959 0.180743334148059 0.180743334148059 0.505400867928742 0.398351400382539 -0.302908690041388 0.436966395575972 0.408723407128906 0.56358816946585 0.184924577079663 0.300445688848757 20 0.305 146
147 0.30846830418213 -0.91449411535773 1.16128575451992 1.08901009962988 0.473908403164361 0.20568891976466 0.20568891976466 0.589205437022949 0.197534595933121 -0.22237950139617 0.584324665204746 0.592855076297801 0.240199769903006 0.283952326788212 0.362572106652306 14 0.3025 147
148 0.519276492406291 -1.03463392845384 0.978465052109268 0.936361508561763 0.495721230043256 0.125633935318727 0.125633935318727 0.535087149932796 0.0855893883269934 -0.348856161397954 0.525637332376467 0.350159751879191 0.212539074933742 0.467348075477642 0.537912848259951 29 0.3025 148
149 0.411276774391589 -0.946852610704666 1.05042847836438 1.03571925073734 0.504671544769017 0.217615236858062 0.217615236858062 0.30760747204713 -0.280772424496028 -0.292788546668895 0.304402416743963 0.576043943480173 0.279956719711915 0.357504179296037 0.10423873340235 8 0.3 149
150 0.565290439035327 -1.09706194987267 0.943301824141008 1.00140001767462 0.401312741951855 0.200368794802941 0.200368794802941 0.590552058421028 0.930517490359024 -0.249858665150343 0.526950405224352 0.609335728921546 0.308651931053538 0.364136198314895 0.597133802709789 7 0.3025 150
151 0.539680160817289 -1.12447114263556 1.0425782695744 0.940013140818118 0.475147443007559 0.122260639024949 0.122260639024949 0.381945064121427 0.294804686675487 -0.224313202297615 0.422542328255204 0.464720759940031 0.377336365387748 0.243933558240747 0.346126430479962 10 0.295 151
152 0.381747572774919 -0.972852241297662 1.03234324193102 1.12160034308905 0.443483751116419 0.21805417225215 0.21805417225215 0.51648216130483 -0.0590742769245254 -0.323569385971578 0.359794387253486 0.395070387439832 0.149408282903895 0.398040615654828 0.629888477100146 11 0.3025 152
153 0.357259653325442 -0.970279834038599 1.12036155573859 0.945167878091238 0.447185865850574 0.175930105087137 0.175930105087137 0.573401844017633 0.0443144983261964 -0.248403928386464 0.429040759202239 0.424335140730314 0.342361796654607 0.159716503782067 0.385549820031435 17 0.295 153
154 0.635391527618684 -0.904683876039339 1.05360368662055 0.896236212991146 0.486034378571838 0.170277079950647 0.170277079950647 0.537699562381478 -0.167699050021581 -0.358451668830328 0.484065506585561 0.173770171794499 0.118368888222134 0.379887888354934 0.167204607002422 19 0.295 154
155 0.558008056530642 -0.946386681373796 1.04971854842842 0.943102485655901 0.431611430000994 0.0871022433170153 0.0871022433170153 0.360666928022972 0.230208778744975 -0.294804109095938 0.554316259239213 0.955204113551344 0.297843687088618 0.370320804197511 0.272094758930412 6 0.305 155
156 0.527640327312008 -0.852358232482838 0.994631786794191 1.02558665076446 0.486290269223294 0.273630969561526 0.273630969561526 0.408594508547632 0.714339024683788 -0.221892263717599 0.323736766658176 0.824265151025917 0.291724718818135 0.375772583384348 0.204984556200014 10 0.305 156
157 0.497314171134373 -0.921132453855864 1.00273900277324 1.01614392382136 0.556575581359868 0.13577373567476 0.13577373567476 0.43470241350382 0.0536220683526262 -0.141143113197729 0.320109754163065 -0.309563007686695 0.213922221188361 0.406740583170636 0.413138952928246 12 0.3025 157
158 0.433652485750942 -0.99648236809633 1.13378119616098 1.06675850792947 0.608028037971244 0.235986542293603 0.235986542293603 0.369459164343725 0.615682390817805 -0.26324978842291 0.357712153715827 0.484640350931809 0.294347594573606 0.26705098180658 0.521564443735131 19 0.3025 158
159 0.54044469234673 -0.916478664804493 1.03027159373358 0.956941584330661 0.507517102772303 0.324624969035024 0.324624969035024 0.563366037708292 0.537614870492622 -0.262343720933185 0.458539873046916 0.938032726539959 0.173452110860952 0.312873485807536 0.326831934635298 16 0.3025 159
160 0.597408313963269 -0.799864322163898 1.06924581669419 0.95185698411852 0.590322503003998 0.0835941679172397 0.0835941679172397 0.538298094890422 0.742484808857665 -0.180043426434123 0.511749379126824 0.629308926463291 0.381608560828014 0.440276838922921 0.38805867498931 15 0.295 160
161 0.41602188974731 -0.912512085289816 1.11279130524889 1.00542097874274 0.46545146433032 0.116407883621369 0.116407883621369 0.36621551140705 0.585198457623506 -0.397289798070657 0.615872619754097 0.293887984363341 0.358147532167348 0.38488648307447 0.218910876769414 13 0.2975 161
162 0.351260838868038 -0.963813259358642 0.948931659591141 1.19330213787921 0.420739937602322 0.20350742226875 0.20350742226875 0.44482308923264 0.200687676059252 -0.217459464179081 0.418709106110985 0.264942327842667 0.414128010463716 0.25739096505932 0.440250712647182 15 0.3 162
163 0.640358996748661 -0.898155618440057 0.866390826091932 0.945061084851504 0.571829433929418 0.221460577380013 0.221460577380013 0.336104755194635 0.543890919527708 -0.132015820769933 0.41795513420767 0.591253139252454 0.141295821412478 0.000996720783322327 0.0227459308740787 8 0.3025 163
164 0.272031773950917 -0.920234046549516 0.963656688556948 1.19559870002666 0.625678561921557 0.223283033270382 0.223283033270382 0.443568629067239 0.759708412563543 -0.314039710075804 0.408471516562764 0.832009497556218 0.231431101907022 0.152826912102194 0.33277206243207 19 0.3 164
165 0.552812660702649 -0.87989636550206 1.07472203749045 0.895614144304867 0.580809618621716 0.0479813105909112 0.0479813105909112 0.30011695544487 0.349742018236419 -0.220696989422786 0.475551447719178 0.625892669434666 0.407070003999593 0.377172121272296 0.216774799454549 9 0.3 165
166 0.513995658921695 -1.0779637314423 1.14804918536531 0.895047801397159 0.415020283034693 0.181108612227544 0.181108612227544 0.708670514984658 0.26901216370058 -0.369905339119015 0.357189007081859 0.244084244235675 0.43787309124606 0.483450617060777 0.124552807641855 22 0.3 166
167 0.508516432200166 -0.925686022865954 1.00502144367918 1.01673107772036 0.42486431712389 0.190895752620571 0.190895752620571 0.50360454875552 0.178022281858257 -0.371266016868849 0.496928745962097 0.180728579606826 0.267824144225021 0.474141234674846 0.199271621777089 3 0.3 167
168 0.428482589757486 -0.951340564274399 1.09060196491352 1.07933843121131 0.639544332700644 0.202310712574658 0.202310712574658 0.643093561078646 0.170465628055576 -0.33222823702629 0.48246885772436 0.105405831073331 0.371040188310232 0.397704374889035 0.189122764390926 18 0.3025 168
169 0.308089060682008 -0.95053662062524 1.17171022980384 1.06045612567834 0.50239823282922 0.163168040924221 0.163168040924221 0.564798714849596 0.766658071281178 -0.255834469300184 0.402104607948619 0.341692377056725 0.397556419539561 0.318214771606308 0.324017017793975 19 0.2925 169
170 0.439707258262237 -1.00516735899859 1.30567793539922 0.893523686913022 0.545685471298153 0.144186020551442 0.144186020551442 0.489931421476544 0.143030791160494 -0.473695352270725 0.490273123879706 0.603850329237519 0.431131739544327 0.407949160700309 0.284084561534492 33 0.3075 170
171 0.705678297901181 -1.23289873720574 0.841068373247921 0.875003265443946 0.508079870707157 0.182787794109446 0.182787794109446 0.256176034042804 0.30009520960608 -0.332252113679945 0.370924373273879 0.662642166735812 0.436780892032711 0.417029318305798 0.249975130364603 13 0.3 171
172 0.515220673109507 -1.09464552054549 1.03775134228853 1.04287988077047 0.395990092093782 0.17829578730242 0.17829578730242 0.38267616061993 -0.475867164248974 -0.210677232204733 0.511223930782784 0.265126478616398 0.293824811326804 0.158078166579236 0.42137720100663 21 0.3 172
173 0.638044009452364 -1.11242716009149 0.963957252020558 0.871480940823301 0.498097115481512 0.221785812445358 0.221785812445358 0.558689793932384 0.738279105680917 -0.341445758110038 0.409384812108653 0.405796580062828 0.243201376126036 0.37578345113075 0.275179186085308 15 0.2925 173
174 0.478064904817682 -1.09662297403255 1.0109305350044 1.04952362174128 0.529653171209026 0.32156390089967 0.32156390089967 0.553886310478854 0.259989261038541 -0.26547910248462 0.400025967037363 -0.0770138724605428 0.304071779471262 0.253983702493308 0.410051473889403 10 0.2975 174
175 0.386536398345818 -1.02000337912663 0.855908815218787 1.15731441811258 0.59023359985081 0.189123348078834 0.189123348078834 0.422542318458291 0.737531570979618 -0.215009422062015 0.396096024132766 1.05052991318431 0.235091994793185 0.223934336614587 0.771406472640974 8 0.3 175
176 0.50948384153015 -0.934343184959483 1.04009583680246 1.05012179880314 0.535898356220387 0.158737415923443 0.158737415923443 0.524275875720315 0.699954671439647 -0.240680808287492 0.351121706897287 -0.039437292568702 0.274061915258316 0.187370123326419 0.466581331289673 13 0.305 176
177 0.679673976962202 -1.06261740484472 1.15584548615304 0.769955174811345 0.419650379988131 0.228872252196526 0.228872252196526 0.326569393734427 -0.188822266689743 -0.252836542205539 0.347890814019614 0.404892838686986 0.255191965139845 0.356025702863195 0.066333936177404 6 0.3 177
178 0.594289673760197 -0.942695203649295 0.984345330249289 0.878043626729898 0.483148905858614 0.173719044177642 0.173719044177642 0.516573371331572 0.0992581651112648 -0.174969149102174 0.359434311496125 0.45580397299485 0.106442877768234 0.351316845398025 0.373211207649207 19 0.295 178
179 0.512459964835639 -0.925623492519001 0.973031938045055 0.928087292106388 0.568446642390063 0.198602846070893 0.198602846070893 0.416366409884859 0.693712651628403 -0.346432962395136 0.399374616741806 0.654231205335001 0.117797910437831 0.174131637877357 0.193735801098376 7 0.2975 179
180 0.496570170591651 -1.02967679008477 0.81802925488817 1.05587029638591 0.534622536276842 0.222991927454446 0.222991927454446 0.373990470417577 0.261352289315119 -0.402375368779001 0.478903824491587 0.155856697403211 0.180669915256862 0.366535351200009 0.129764747664744 18 0.2925 180
181 0.246560950984722 -1.05102227489918 1.1388388798575 1.08156435352003 0.398941580074516 0.166512818328037 0.166512818328037 0.621035701911362 0.401423515830772 -0.150763606828818 0.42466052859256 0.405626871866062 0.218889011195985 0.389527327102161 0.368690321336522 19 0.295 181
182 0.582133315326807 -1.00977286572975 1.0120252911505 0.918867535722147 0.475664012017454 0.302506654310289 0.302506654310289 0.379379439029964 -0.153627157269257 -0.330798661700694 0.582572101527453 0.0354342418303493 0.168632308847025 0.253619543936515 0.339846668184118 11 0.3075 182
183 0.462696047650287 -1.10463942165494 1.05102505451087 1.04390924494427 0.431544093812016 0.275371305054075 0.275371305054074 0.538342273000319 -0.141975597263995 -0.134856771642769 0.313242769477257 0.740396532232246 0.559927738889214 0.427076730224588 0.679391249091764 6 0.3025 183
184 0.69322354575643 -1.06787050397466 0.927761017662938 0.899546677017312 0.462780247953167 0.190578431745052 0.190578431745052 0.548318970087483 0.189801704826775 -0.224907749037996 0.457254054693514 0.44120674562247 0.352775700594194 0.505210232221778 0.257782729380503 13 0.295 184
185 0.388026000597756 -1.00518408927236 0.973553797048152 1.1583202230852 0.539520634092139 0.172429118230673 0.172429118230673 0.456318934910448 0.81643140886888 -0.191034312051787 0.350580433389505 -0.141943128209184 0.256636304381775 0.187267194480625 0.357983148017266 7 0.2975 185
186 0.624446298429634 -0.997357225325034 1.02273206772365 0.92480140892895 0.501731439656231 0.266467149375238 0.266467149375238 0.444305979017686 0.389618737620533 -0.462139731622881 0.575365808963525 0.890638118962015 0.0819753841153466 0.361837580815135 0.0979433435220222 11 0.295 186
187 0.428162998079607 -0.882771997736561 1.08828948355808 1.05009715097992 0.432066596638814 0.147615840266939 0.147615840266939 0.463423824154495 0.488483547553287 -0.323019881624415 0.43565537190702 0.706231316314602 0.40224390443705 0.194556393602333 0.039166105105203 5 0.2975 187
188 0.522253814276501 -1.14437677411483 1.04214188676961 0.912706416030864 0.537095180167195 0.228104778265323 0.228104778265323 0.404119842021989 0.52793527794381 -0.428976133360274 0.540627795490527 0.374926789876607 0.308253330984032 0.381104728378214 0.284102752164234 10 0.3025 188
189 0.569873946508967 -0.891084050715515 1.20125203996962 0.884748728009214 0.517145680046977 0.120176342951612 0.120176342951612 0.435908566780282 0.47443055610636 -0.394487212871881 0.591603589262259 0.434260246199968 0.145265965521154 0.296172967025716 0.30638942560414 22 0.3 189
190 0.369832314440518 -0.850936383176242 1.00699712344934 1.11885683180193 0.512691473661317 0.305534001865194 0.305534001865194 0.457590746400433 0.312164932719956 -0.261587068935249 0.355292203867989 1.06499759513906 0.46734139328641 0.3069840673573 0.462597376157035 26 0.3 190
191 0.496344982374378 -0.939092789300044 0.805498787713038 1.00682010460277 0.487524827381214 0.179871975241072 0.179871975241072 0.389754595447299 0.476484832667389 -0.232732914335402 0.447287012502943 0.434821777835828 0.144997917944992 0.438239542134228 0.332264098093752 16 0.295 191
192 0.534003820504071 -0.964292767141748 0.905954652164805 1.02730603759411 0.432283142116823 0.177385158078445 0.177385158078445 0.545983524828631 0.0754268354188362 -0.312110017298013 0.459545683004598 0.151282165316815 0.206297947944405 0.391955917259594 0.242527282228673 22 0.3025 192
193 0.665228989485775 -1.02111560639525 1.03870231390674 0.841923108142866 0.442505774318866 0.196867790301788 0.196867790301788 0.398294325693984 0.593447939687286 -0.205361669039963 0.305880106265073 0.878021711366925 0.124893911942654 0.202435143421327 0.362810599807202 10 0.2975 193
194 0.487185500213514 -1.02771165417897 0.879733618672381 1.03155646959378 0.412192785930412 0.0818762594289621 0.0818762594289621 0.405959885343941 -0.0301887099863722 -0.458221015123209 0.52132205133762 0.271563599696944 0.199741221769355 0.279181953018984 0.247060176113399 13 0.2975 194
195 0.29515461010213 -1.08483474348532 1.1119830635303 1.07515610187577 0.50339076531382 0.259393397550057 0.259393397550057 0.465847259410242 0.645813398390846 -0.27708418253956 0.553565463324193 0.73861630641818 0.244552908142078 0.207878313218848 0.387690771210548 11 0.2975 195
196 0.620324662396499 -1.1456310600113 1.12641736299752 0.837621208680527 0.492803667793734 0.194438950718709 0.194438950718709 0.427597205679471 0.310836245150092 -0.358854243307581 0.560278366000597 0.545527747745232 0.354789472488875 0.321281844288924 0.0510733208634563 13 0.3 196
197 0.557120575442543 -1.1001546053157 1.01596751079296 0.982527167216008 0.557282483736901 0.247553217537464 0.247553217537464 0.507207214406067 0.266964671528544 -0.234545626477937 0.302486879329886 0.205640346275756 0.218739431682117 0.271835724787423 0.558429333693437 19 0.3 197
198 0.45472515169977 -0.875040194241714 1.00940815758294 1.00786026931176 0.552448290332956 0.206943342656437 0.206943342656437 0.489175992642921 0.567160755473308 -0.307498194536136 0.523917599843014 0.31275622721621 0.314130081600657 0.240225964261721 0.264678586912519 20 0.295 198
199 0.444420658796836 -0.938310746147223 1.09050830051457 1.04341142843991 0.388795034760138 0.203516666963267 0.203516666963267 0.546475497306757 0.271406962543509 -0.35132496097022 0.397095227705867 0.671279623180131 0.206825931296487 0.348466184533301 0.264557750401021 15 0.2975 199
200 0.486574687470368 -0.974593263592233 1.07539371644003 0.969034494678292 0.605401695342056 0.204329280759139 0.204329280759139 0.486572287741397 0.606579075623488 -0.356876674947436 0.487712894532707 0.579688090519368 0.22291892292029 0.346042422030879 0.477318475507274 20 0.295 200
