"" "(Intercept)" "time" "X1" "X2" "" "" "" "" "W" "B_t" "beta_shared" "W" "B_t" "beta_shared" "" "" "" ""
126 0.46063393084843 -1.0151961155706 1.00570019833536 1.01547283324836 0.426281683637896 0.162192562111624 0.162192562111624 0.394317596306526 0.0369011394915255 -0.255116181650181 0.291255919967376 0.492209685356763 0.372488994555661 0.334206291034432 0.290392808352468 5 0.296666666666667 126
101 0.497333728072118 -0.999587003543586 1.03589222923651 0.920286886894729 0.465460007005113 0.0975235935005255 0.0975235935005255 0.382933206215871 0.12402310816979 -0.285860777393032 0.426249941639889 0.503128754396416 0.300607037100951 0.275990125772422 0.466162985407348 8 0.296666666666667 101
102 0.558749929148969 -0.971631454570568 0.959172396490207 0.93620744124958 0.389164883320525 0.239086638316744 0.239086638316744 0.43757980517334 0.371968794611888 -0.295544833795559 0.443898595297136 0.41101335142366 0.306312695589388 0.290007095595162 0.628873294759676 7 0.296666666666667 102
127 0.546035219791626 -0.981139809763328 1.01300800710208 0.994985637085393 0.462136344696584 0.142725962116456 0.142725962116456 0.525994330043538 0.155003073517757 -0.251643292353986 0.497234073621406 0.146709910763115 0.339572262530702 0.46864403281746 0.490203861088487 16 0.301666666666667 127
103 0.395412526766989 -1.06331728561149 1.09228857147865 1.07493048407974 0.467531507614066 0.23150551081348 0.23150551081348 0.473131642278886 0.325852437835629 -0.18404846446366 0.335688103027852 0.34130577643892 0.159839493759138 0.223763427383091 0.367718475789081 8 0.295 103
128 0.398451710014551 -1.04218045627634 1.11640993540327 1.00163110217254 0.540579900909679 0.201779500280058 0.201779500280058 0.427289076864384 0.503141526495612 -0.299489601410315 0.406833447552976 -0.0379828001131881 0.228768460630459 0.241617971005443 0.320050211709473 15 0.3 128
104 0.673200116368709 -0.962200095655725 0.991423838355182 0.870230458068483 0.479362457548188 0.192017259171345 0.192017259171345 0.370642987489809 0.589744854037135 -0.375519783956965 0.595044691933978 0.897513769420442 0.229622924834826 0.395501265177095 0.502708660438051 4 0.301666666666667 104
105 0.468627977706012 -0.909843763402075 1.14983245643699 0.932356278415853 0.476663002224588 0.16248630816557 0.16248630816557 0.421627023076235 0.113079292695619 -0.277658212514364 0.345209509616971 0.39257257660242 0.307434388275075 0.403796346644295 0.558507960166806 9 0.295 105
129 0.346309664957459 -0.904667195207274 0.889644418773943 1.13801705861669 0.507457688709547 0.1565111775256 0.1565111775256 0.388814007259247 0.259852115006588 -0.368490271739261 0.380061855409902 0.2119226184807 0.198467971332755 0.422112238963488 0.666201803669248 15 0.296666666666667 129
106 0.470808349808513 -1.02444067379314 1.02078238921888 0.942999519264751 0.54224106113591 0.248067166330249 0.248067166330249 0.493432807695595 -0.0441561205506859 -0.321048679804962 0.494257428978434 0.715088531045681 0.0955567739201762 0.251350716863362 0.39106945780308 7 0.305 106
130 0.498439049746397 -1.04919498167462 0.991173315638413 1.00527408634157 0.499711469777324 0.253765962591507 0.253765962591507 0.488616831720581 0.310160335499899 -0.228624726523237 0.379963208499688 0.412825914466665 0.327662333104629 0.307880687353153 0.182337875484235 7 0.305 130
107 0.398735929535313 -0.96460982528169 0.938260910872951 1.05472786667999 0.40497708628352 0.240588160309242 0.240588160309242 0.448228215796468 0.125113943966949 -0.172687315890575 0.407805407830555 0.375988149033522 0.221924632079921 0.415184764062708 0.552919175060061 11 0.301666666666667 107
131 0.581731270538961 -1.02068571940523 0.910260828283335 1.01023929659516 0.46312057503486 0.171638524082945 0.171638524082945 0.51929746086827 0.491156340282751 -0.277841450726411 0.289392929136516 0.615494815053288 0.25671108889438 0.237763328941433 0.85153461362413 3 0.291666666666667 131
132 0.50971458588766 -1.08341995654198 0.874020612600806 1.01688602590023 0.514768820699869 0.226210300012114 0.226210300012114 0.409866479368289 0.434879027790827 -0.260218179245371 0.482596935000211 0.694524416007307 0.366155902557363 0.319631857679112 0.613594468680305 8 0.303333333333333 132
108 0.472258629831403 -1.11419355871683 0.933590518116834 1.01988905163529 0.585723056710929 0.182087689277685 0.182087689277685 0.627587637921557 0.243216986373811 -0.2815717934213 0.369096399261766 0.438778302221836 0.364758023659659 0.303670356795001 0.408504342340693 13 0.303333333333333 108
133 0.602083543280992 -1.02645146658355 0.92153742458522 0.99528824839624 0.466655405589368 0.242524177653704 0.242524177653704 0.585856968634453 0.114282132880005 -0.19789493720547 0.366179393291643 0.478715935820306 0.422950416409234 0.441783796793791 0.242946111675291 14 0.293333333333333 133
109 0.628428303462833 -1.08358082914709 0.870672054394937 0.998841721662012 0.472507621930702 0.19869284353911 0.19869284353911 0.400533000624023 0.369636076429806 -0.203472042027719 0.425630961642165 0.919848741784475 0.419117996730888 0.248498346976027 0.454331973799053 20 0.3 109
110 0.617630088660855 -1.10221151143466 0.943924666861842 0.965489120576819 0.484219921371651 0.20073760012225 0.20073760012225 0.448823047099645 -0.162774249744429 -0.236174313302057 0.486237652851094 0.597271810735384 0.3312223908456 0.407954869066957 0.258311341869422 7 0.301666666666667 110
134 0.438577451406876 -1.0099152018074 1.0843827218097 1.03651623768965 0.503236272043337 0.165635629862253 0.165635629862253 0.455691907422022 0.750957396120479 -0.240210421157428 0.362223371032544 0.506306595968034 0.357985820050098 0.281063297310335 0.30639531211509 15 0.305 134
111 0.461881643833091 -0.919327198642893 0.9719682956313 1.04199368885411 0.574083819394569 0.121052859042595 0.121052859042595 0.380159501285329 0.620784099518849 -0.259967830738808 0.33561370470389 0.727435346438865 0.457125696759805 0.342630240655322 0.377603611345493 8 0.298333333333333 111
135 0.505508203586621 -1.02385636812222 1.01631923058702 1.01870985875386 0.603881659430189 0.203812337281434 0.203812337281434 0.507042872159166 0.500147942877974 -0.345347398448721 0.365832966717303 0.518332897331123 0.24107814794115 0.281743112756284 0.406712248140488 5 0.308333333333333 135
136 0.500630026317324 -1.0020905529618 1.09001058833065 1.00144772097784 0.563368230264846 0.264805753578495 0.264805753578494 0.429881290858822 0.284534527853455 -0.292788804724111 0.42506364342394 0.714759845153436 0.207999397788818 0.232388972784248 0.709271701603704 26 0.3 136
113 0.552207584379916 -0.947940705188404 0.982093692003249 1.09235902156971 0.455066839159778 0.261341101529247 0.261341101529247 0.556164668341749 0.415282694796211 -0.344934330194636 0.404471758471314 0.847569601983905 0.17028520423385 0.216710546833024 0.218279460536143 6 0.301666666666667 113
137 0.573041021213018 -0.999194957812406 1.09591176324344 0.946814387402028 0.492128837720663 0.192476316560094 0.192476316560094 0.421318523448292 0.896231136692598 -0.280231403649246 0.410360030275802 0.542757118556937 0.320879267981753 0.401089358660965 0.527361846717903 15 0.296666666666667 137
138 0.424680552442762 -1.01253696123378 0.878034624287191 1.1437305776067 0.506701045752271 0.0815226579777709 0.0815226579777709 0.334534994463336 0.415046491046635 -0.302830126205226 0.316890142928805 0.459655956220706 0.290667933202495 0.15304383578082 0.482957672430055 8 0.303333333333333 138
114 0.505497587504918 -0.941646590655909 0.922979452076371 1.00326826717836 0.546876186934371 0.253017603243952 0.253017603243952 0.542067359520518 0.100629451826794 -0.379786886129205 0.38524384103367 0.343487334655245 0.290815017340572 0.259525645945257 0.621944416022502 31 0.305 114
139 0.639182396334018 -0.955391874948252 1.02088373689747 0.892398561705285 0.41311682184705 0.219893994521543 0.219893994521543 0.411092326541207 0.037047332210584 -0.242431210539304 0.310125684460446 -0.213045645664186 0.415039755744031 0.262904287608496 0.347345976991878 10 0.301666666666667 139
115 0.301742195126066 -1.02008829765382 1.23872981982117 1.09316703598576 0.586212793745658 0.243411913974014 0.243411913974014 0.501363058696519 0.208111359592928 -0.223594813763883 0.42622547430477 0.418855549791986 0.220595689907041 0.337571964139021 0.405430005990945 16 0.3 115
140 0.709874802465544 -1.04499582529883 0.804593395759718 0.926251273713159 0.506654757522699 0.208541504083225 0.208541504083225 0.534714217144166 0.547233453311567 -0.343832727388092 0.491093841501543 0.34389405222493 0.277850026425039 0.413884604702424 0.673361272145778 14 0.303333333333333 140
116 0.483679997910775 -0.959097309631075 0.924433700653998 1.0336161262596 0.510222399116021 0.208315308288698 0.208315308288698 0.41488541256062 0.0610885699220988 -0.277645336955146 0.385706505781085 0.127460269384149 0.195977460831012 0.164018915400691 0.534350646470321 8 0.293333333333333 116
141 0.439537696847185 -1.07230770408441 1.1048359986447 0.957911592049729 0.538104106783505 0.184376528336437 0.184376528336437 0.48815313919016 0.237525967789504 -0.410253056344272 0.427580890208985 0.929307774289818 0.243063595998035 0.203249181209548 0.697611286238944 26 0.295 141
117 0.609821173296866 -0.962721042188879 1.1348434516735 0.857165985488592 0.519978120632827 0.125170621364939 0.125170621364939 0.400405367841379 0.558297518161858 -0.251747400654757 0.318813674850736 0.498773149692035 0.296797890486516 0.458190807312388 0.479702760840952 10 0.298333333333333 117
118 0.432874523941297 -0.930483114214803 1.06034139096807 0.991010408012097 0.422069536033474 0.181571092474503 0.181571092474503 0.481962311131622 0.226173311377643 -0.301961626373091 0.348901125888294 -0.141268377999371 0.309592178401097 0.192069576134444 0.385210855359058 11 0.3 118
142 0.450246999771402 -0.987664043980259 1.08950701802012 1.07363384582863 0.494325593430061 0.205944547152257 0.205944547152257 0.563216139810839 -0.143128776008696 -0.170215256519626 0.415980756232143 0.394009224937715 0.193015947044779 0.393803578293731 0.288464779221105 7 0.303333333333333 142
143 0.423235861517569 -0.981812011288535 0.969121026406534 1.16692811749123 0.398438346199294 0.146935249677446 0.146935249677446 0.36831253481514 0.240166329694949 -0.342543461036733 0.262129261351023 1.10726502063742 0.284974936433046 0.373441563854763 0.451317772375646 8 0.301666666666667 143
119 0.74100371553029 -1.07138100014046 0.829347885540122 0.918957774199401 0.467540068721579 0.264364115045778 0.264364115045778 0.507350712886148 0.0194851150388948 -0.234048784086412 0.311491682401042 0.0019426062938483 0.312041245924597 0.207107822539544 0.585642953449761 10 0.308333333333333 119
151 0.411358186551434 -1.06709615349848 1.08093743912667 1.06623988663773 0.455551824844584 0.225816712030165 0.225816712030165 0.535721231207645 0.254708761922458 -0.217652870174387 0.36766745360791 0.447803001543551 0.401124187122302 0.180671353451417 0.485457782686707 5 0.3 151
151 0.411358186551434 -1.06709615349848 1.08093743912667 1.06623988663773 0.455551824844584 0.225816712030165 0.225816712030165 0.535721231207645 0.254708761922458 -0.217652870174387 0.36766745360791 0.447803001543551 0.401124187122302 0.180671353451417 0.485457782686707 5 0.3 151
144 0.352571846505095 -1.00072568540191 1.17361722066323 1.07574072521564 0.531257994061729 0.236225406683899 0.236225406683899 0.390379586334395 0.00533120843253564 -0.26458933557044 0.410823068255309 0.281842255166085 0.308127410536082 0.307668073532977 0.625586146375619 15 0.298333333333333 144
120 0.465725789261459 -0.964607221116669 1.0815812453166 1.00006496743214 0.546199166965238 0.222904781899053 0.222904781899053 0.582720245767647 0.376884359994246 -0.388035635209657 0.37888772669663 0.466383274857359 0.317617402097043 0.257702562383957 0.644909264038151 17 0.301666666666667 120
145 0.592929396791004 -0.962758043937488 0.978300578123907 0.966077316020845 0.41379842691264 0.10297829233496 0.10297829233496 0.495568012194521 0.343272795694935 -0.247619459464633 0.344145980460618 0.345251917911096 0.167189135859272 0.209462833249425 0.444046872944057 7 0.293333333333333 145
121 0.512800403328228 -0.961008739330573 1.00625638274271 0.951949990236106 0.504174998369266 0.173171534847714 0.173171534847714 0.548139249252734 0.191662196493284 -0.191517623168724 0.439469740915983 0.249357363772479 0.405971780645806 0.234732219807543 0.335859155032199 6 0.301666666666667 121
152 0.543582165139524 -1.10441191544571 0.963269009418084 1.04377072320527 0.479766953874012 0.211425509196523 0.211425509196523 0.528253239543103 0.0175352682756762 -0.196586279117361 0.511696788461061 0.326993523878354 0.305741369225184 0.335538633466292 0.472557476721379 14 0.296666666666667 152
146 0.551247440797401 -1.02570876757401 0.919680375615869 1.05576520932356 0.539585349236365 0.21586696482757 0.21586696482757 0.363586235335547 0.21411141545468 -0.224331230243076 0.418491509117238 0.802424857172548 0.399044869373525 0.352646280573741 0.514253105918114 7 0.303333333333333 146
152 0.543582165139524 -1.10441191544571 0.963269009418084 1.04377072320527 0.479766953874012 0.211425509196523 0.211425509196523 0.528253239543103 0.0175352682756762 -0.196586279117361 0.511696788461061 0.326993523878354 0.305741369225184 0.335538633466292 0.472557476721379 14 0.296666666666667 152
153 0.586492532749221 -1.10616825559203 1.08231961168422 0.90762599348399 0.508746518639526 0.152396693790245 0.152396693790245 0.428390758790778 0.468128988321163 -0.159671012852709 0.478060891905722 0.434019337873206 0.472704995629873 0.493929321534942 0.573395979132822 21 0.303333333333333 153
122 0.629644748251019 -1.05104258762692 0.933385003857536 1.01095987326184 0.471661420876991 0.18896617326235 0.18896617326235 0.600981813680352 -0.160034650552518 -0.23990358945583 0.505611449309572 0.235028768823155 0.41795181435276 0.170555395365998 0.341729667463382 37 0.301666666666667 122
147 0.302229208301534 -0.890481997803586 1.1247880219804 1.09134242680324 0.587197459181369 0.191270398750698 0.191270398750698 0.464324433359301 0.374540796252813 -0.222047767111935 0.425092030691683 0.130748134145447 0.193042416796727 0.296075791792155 0.406693457211888 5 0.303333333333333 147
153 0.598544093430715 -1.09488543381072 1.07448949222756 0.90459097346943 0.512474777336066 0.13969219612258 0.13969219612258 0.446597025137267 0.468128988321163 -0.159671012852709 0.478060891905722 0.434019337873206 0.472704995629873 0.493929321534942 0.580056519519758 42 0.303333333333333 153
154 0.578306262839722 -0.944430994201835 1.0799946499663 0.811316471580978 0.528789405531126 0.193664278759073 0.193664278759073 0.474804968967085 0.439741903791932 -0.431634561979758 0.383740443699375 0.321269906281552 0.169522220879537 0.290612128188177 0.274706540001853 7 0.298333333333333 154
148 0.513606964633081 -0.930727148523656 0.982431990347208 1.01622218912359 0.470622231564835 0.12841216403684 0.12841216403684 0.474987278086501 0.260536739121979 -0.206822362402614 0.483720475997812 0.384795915837753 0.355329084565524 0.251712794969215 0.280194537015464 17 0.298333333333333 148
123 0.607277479695849 -0.970782651195936 0.957421187300675 0.923231783796831 0.485322453955913 0.195658477674955 0.195658477674955 0.441186038140095 -0.0639731769389935 -0.282665266457561 0.605208550640155 0.354370916478907 0.37226952625076 0.583076318348913 0.476260219184477 16 0.295 123
154 0.578306262839722 -0.944430994201835 1.0799946499663 0.811316471580978 0.528789405531126 0.193664278759073 0.193664278759073 0.474804968967085 0.439741903791932 -0.431634561979758 0.383740443699375 0.321269906281552 0.169522220879537 0.290612128188177 0.274706540001853 7 0.298333333333333 154
149 0.629259199476652 -0.994507532752249 0.863389746338809 0.975989445838782 0.448155178341273 0.227371989888312 0.227371989888312 0.40273479534008 -0.222218822418135 -0.318112763461495 0.370172112244402 -0.353470067450601 0.331874370045595 0.297405014478096 0.645622962940033 9 0.296666666666667 149
155 0.447316767628075 -0.994588983354462 0.940531113762911 1.05462678039152 0.559416777676563 0.12999048847958 0.12999048847958 0.433238038077591 0.439744086051271 -0.303102828060448 0.314955923355092 0.394164970486004 0.270875855485931 0.403616419590578 0.602396132948 6 0.303333333333333 155
155 0.447316767628075 -0.994588983354462 0.940531113762911 1.05462678039152 0.559416777676563 0.12999048847958 0.12999048847958 0.433238038077591 0.439744086051271 -0.303102828060448 0.314955923355092 0.394164970486004 0.270875855485931 0.403616419590578 0.602396132948 6 0.303333333333333 155
124 0.604841864539305 -1.05604156061993 1.05775615639321 0.909800255085239 0.506196691198376 0.186261928804737 0.186261928804737 0.540375611765574 0.331999926118012 -0.504396973807913 0.574340647435752 0.577441065172024 0.200233354089119 0.343156616705717 0.432940147459751 22 0.298333333333333 124
150 0.478431904857175 -1.04360203981752 1.00807087851542 1.02583286253397 0.486114464332902 0.11698423578499 0.11698423578499 0.480364810751722 0.3971174303851 -0.220238446768413 0.444352448825035 0.462649760306157 0.356986281981564 0.31020065937039 0.732523394011851 7 0.3 150
125 0.60982161253688 -1.18636540440248 0.855234377971762 0.935746505036242 0.430314491478987 0.182819913635033 0.182819913635033 0.339398801428959 0.0447276488992562 -0.247838819517625 0.35057730086074 0.350737882090272 0.259091758469599 0.247928626959248 0.633615661114988 6 0.293333333333333 125
156 0.488642273535744 -0.904014037442932 0.995248203360045 0.99955155669925 0.471148841678493 0.115999277838965 0.115999277838965 0.358389999114233 0.24983629500653 -0.327155089916216 0.475104418008938 0.413075420077263 0.293488742859874 0.426056317906673 0.572722054355296 12 0.298333333333333 156
156 0.488642273535744 -0.904014037442932 0.995248203360045 0.99955155669925 0.471148841678493 0.115999277838965 0.115999277838965 0.358389999114233 0.24983629500653 -0.327155089916216 0.475104418008938 0.413075420077263 0.293488742859874 0.426056317906673 0.572722054355296 12 0.298333333333333 156
157 0.557891211301404 -1.08132297466434 0.920100391161517 0.953615274759565 0.482895326213279 0.242799313850029 0.242799313850029 0.603721615616593 -0.0307362037770315 -0.268345941599849 0.428182019453429 0.139092831378863 0.289744889874027 0.291746016175537 0.882333202093806 9 0.301666666666667 157
157 0.557891211301404 -1.08132297466434 0.920100391161517 0.953615274759565 0.482895326213279 0.242799313850029 0.242799313850029 0.603721615616593 -0.0307362037770315 -0.268345941599849 0.428182019453429 0.139092831378863 0.289744889874027 0.291746016175537 0.882333202093806 9 0.301666666666667 157
158 0.306862047223172 -1.08827285516912 1.10538044880132 1.058543219484 0.484050748314986 0.249601432080922 0.249601432080922 0.546631745422228 0.7424017468972 -0.301744616813335 0.540580107919825 0.676148251490534 0.350788623236605 0.330587448222127 0.423232288081315 8 0.301666666666667 158
176 0.589293628925372 -0.95592585210006 0.917946773889002 0.997928466850526 0.466929540385623 0.163732895675143 0.163732895675143 0.425747929299436 0.0667969105602493 -0.320609685490062 0.444915796857871 0.100741444319237 0.405519541772272 0.127654636573362 0.559116466771945 24 0.303333333333333 176
201 0.453488285084775 -0.832665111564804 0.981585873200262 1.05679539805995 0.522407799546552 0.167739393461142 0.167739393461142 0.465295828214266 0.417301872221385 -0.27275935513277 0.483354418234276 0.448569573158887 0.124656522051827 0.424649668577889 0.446236580060129 38 0.3 201
227 0.552510868528422 -0.953797109223748 1.09925295298065 0.956682792505276 0.45477913059931 0.207185232752327 0.207185232752327 0.428976588395713 0.328704261588671 -0.236030130524238 0.429551295772338 0.289328503642843 0.419909856070447 0.431054279794274 0.47632297176447 7 0.305 227
159 0.435112538952797 -0.896486413614329 0.941370716467608 1.10897998851882 0.446292487251228 0.163217635299348 0.163217635299348 0.478343652587159 0.277077258745175 -0.333901108002492 0.408168821562003 0.0892095695058655 0.210316270384437 0.400298231970884 0.539711549630156 31 0.303333333333333 159
177 0.564581059663713 -1.13045018637545 1.03848468955361 0.94551710329287 0.419173399107375 0.16186763713173 0.16186763713173 0.445767394980619 0.288224227791778 -0.180021913448556 0.461583529370474 1.0376803951556 0.257307926701836 0.289149539260327 0.372661653480754 12 0.308333333333333 177
228 0.370943177303548 -1.05140089368047 0.988499101940282 1.0948688599634 0.429025511038951 0.188347673894022 0.188347673894022 0.585156983049107 0.138069855825246 -0.412663957492143 0.336481453828762 0.174060028455182 0.0965059816815962 0.356947385853458 0.628845790461021 18 0.298333333333333 228
202 0.453449299771978 -0.972157783521988 0.907734980378605 0.963052239195569 0.535112828337339 0.19388791080286 0.19388791080286 0.374430716552474 -0.0686949318247527 -0.376065729067812 0.370584204485831 0.433933538530789 0.1516340740757 0.344332895350878 0.136399664240708 11 0.305 202
160 0.376387382416733 -0.954897894624959 1.12894938683415 1.08788361903887 0.498063357787411 0.198142800041487 0.198142800041487 0.611108609572713 0.24784078646473 -0.29766255349584 0.511333936124446 0.261945209997867 0.287177031891181 0.37832353970627 0.628735579077205 7 0.3 160
178 0.644097280614083 -0.962796181749858 0.942019820230615 0.908672581459885 0.51183326191341 0.221764902709977 0.221764902709977 0.523219009424331 0.309238192673932 -0.274975446338235 0.439089253119906 0.472776122688487 0.279040659470616 0.300669823881648 0.641804099103982 20 0.306666666666667 178
229 0.523564607528937 -0.863777568304874 1.03036060715066 0.985627316611751 0.531456276749101 0.163143837707023 0.163143837707023 0.503949505574985 0.649543013288713 -0.252269865236221 0.487454517671575 0.552239441255429 0.295587532210257 0.261918118124593 0.67437735190588 8 0.298333333333333 229
203 0.473591723065695 -0.925726466004457 0.93718072883505 1.12408614506386 0.418947483112915 0.163513151838636 0.163513151838636 0.44013082839549 0.398771246589095 -0.278332689531082 0.412145997088513 0.515398637421905 0.344296383421348 0.29329183704604 0.490890817608722 8 0.298333333333333 203
161 0.605732984893321 -1.08423601620768 0.9257891449699 0.979567736649594 0.451830185765356 0.238090002212066 0.238090002212066 0.555889749000008 0.455794463182321 -0.276993832348755 0.495643314514198 0.186146069131747 0.242397658405717 0.264576451406265 0.46631084978831 15 0.295 161
179 0.364317208792577 -0.936913625411758 1.14854744660345 1.02955388451982 0.513965862679004 0.191826780992999 0.191826780992999 0.561836433859566 0.226833199405527 -0.33465786011568 0.429351600154677 0.415972000461627 0.29326066120378 0.258448431840219 0.315128194200204 9 0.293333333333333 179
204 0.524341517501525 -0.993994816985075 1.09208799729708 0.976353238661172 0.419456295489178 0.158480792493277 0.158480792493277 0.571910025784553 0.500424339745401 -0.00477616213592476 0.470151400570927 -0.00315015606059491 0.398189721915992 0.237240510133879 0.249040945621902 11 0.298333333333333 204
230 0.46143473020555 -0.915049084436328 1.11901905063156 0.99823566508044 0.519099664800236 0.221376247744424 0.221376247744424 0.52146409866331 0.208969308694667 -0.322680016153522 0.421428842838034 0.918667105526427 0.264077380442057 0.261927792762934 0.469748437579763 15 0.303333333333333 230
162 0.472818908482979 -0.943992374712033 1.02095709623013 0.988884013901826 0.482550367538329 0.183069956602574 0.183069956602574 0.457432699796187 0.46021689015112 -0.217902602288006 0.364249169758704 0.300931146288349 0.256159679217875 0.310474204873972 0.523050044059847 9 0.3 162
180 0.575211920129636 -0.92627944703973 1.05256918204788 0.897954469860313 0.461328808985989 0.173994105775913 0.173994105775913 0.591466458037726 -0.0855055196032191 -0.279247759269433 0.389494537606097 0.125260592669682 0.073806365944507 0.343943729745535 0.456979852212272 9 0.298333333333333 180
205 0.535073756310321 -0.911491573728551 0.934899144803128 1.00962023734195 0.510067677282116 0.171714741750592 0.171714741750592 0.436424115731033 0.448658398314051 -0.2791432158079 0.448486015157231 0.0949445470260848 0.251057168967266 0.311111855200906 0.715505411010567 5 0.298333333333333 205
163 0.56842899864872 -1.00525825372519 0.939275959831018 0.975181238094405 0.473822351905763 0.220501100275946 0.220501100275946 0.534398884892788 0.446294830858361 -0.237844326908986 0.451365002177349 0.345599049111238 0.178502931925204 0.339479402860417 0.504610951458783 5 0.303333333333333 163
231 0.554545184711116 -0.987367311837828 1.12012866776451 0.944103660096793 0.502192158794651 0.238033432834575 0.238033432834575 0.532330200321537 -0.0151123937053492 -0.295985704894226 0.367195618074997 0.191863109269589 0.39612196360325 0.340038835871347 0.220327209659719 12 0.3 231
181 0.572504331506728 -1.01692195205485 1.06796429168613 0.939409639027855 0.513753864698208 0.208300657439849 0.208300657439849 0.533093669535827 0.0883636198875015 -0.316601153354096 0.370713102472676 0.421039446292907 0.323701579668386 0.231350743849753 0.462791227789137 7 0.295 181
206 0.544223930124425 -1.00394198978233 1.01026650878209 0.976011283147569 0.454927760390703 0.2094145148416 0.2094145148416 0.398402087608728 0.456709373272874 -0.216567294230077 0.349752022724931 0.51634434151663 0.444865944162553 0.386781788173919 0.437303299149892 6 0.303333333333333 206
232 0.522321811275202 -0.96454881085063 1.18381419853172 0.922734362320177 0.472626171522552 0.16903838691722 0.16903838691722 0.456288045480709 -0.0562830024474089 -0.101606589223517 0.425685816181811 0.183114727958101 0.317316305000608 0.317334475985053 0.519519785876213 14 0.298333333333333 232
164 0.437124500707399 -0.944839774193379 1.07974523709696 1.01762493245159 0.55477602503736 0.118617740700152 0.118617740700152 0.50826869501073 0.243652167959048 -0.0993234442375723 0.461625226356614 0.579099082588361 0.228955671890401 0.416158683289437 0.541547632307427 13 0.296666666666667 164
207 0.799952477501367 -0.934986495479285 0.919003358506095 0.806650777970379 0.46325507995786 0.131108575414194 0.131108575414194 0.37652453154657 0.151833776060904 -0.282672869800079 0.361149620062526 0.217754786906188 0.105359870209742 0.408697953078455 0.639870441258001 7 0.3 207
182 0.402223262559709 -1.18508735779864 0.950206270740447 1.04463719966607 0.423894730293886 0.254222831735914 0.254222831735914 0.639446287469619 0.052187033229389 -0.240003247330792 0.31046239075776 0.30985318498893 0.327139274101298 0.328303126049553 0.517086018656851 24 0.303333333333333 182
165 0.433193312095792 -0.995045540598272 1.04473264776932 1.05098620785345 0.465683913080085 0.14528205919686 0.14528205919686 0.357555351230829 -0.0143943184406949 -0.263822057223278 0.405272833633168 0.310988488247479 0.254295221723961 0.23951279219124 0.679741051185554 8 0.3 165
233 0.723660360025052 -1.05293815136002 0.872582858818333 0.924207085695428 0.45737316512245 0.305125508315843 0.305125508315843 0.497840206726578 1.02277484483592 -0.246249740214152 0.42539162072504 0.3202315115301 0.332510636247654 0.202871105702949 0.248336834748537 11 0.298333333333333 233
208 0.506435726246988 -0.978366406210284 1.07692665828373 0.939710043550791 0.526633421352133 0.183002004741963 0.183002004741963 0.392776299786134 0.233489118257303 -0.126519763552363 0.269011371061822 0.232222904159903 0.321554616903035 0.236256561292625 0.425463520834065 4 0.3 208
183 0.548350324951002 -1.03755445205675 1.09672027157299 0.905942566014805 0.485383887894182 0.241310992197578 0.241310992197578 0.550535543590785 -0.254303133558458 -0.328417982349051 0.443322913651279 0.281831163587416 0.258657086152447 0.328870626550807 0.334063516423892 5 0.303333333333333 183
209 0.562784682240259 -0.993097318064085 1.06874037570405 0.908536532037337 0.508800223080351 0.19730903648708 0.19730903648708 0.472201354085422 0.417722726385902 -0.198654026652462 0.331686082740636 0.256157617600734 0.259374138374775 0.293556566452088 0.763124505662701 10 0.295 209
234 0.627227794496775 -1.01625603417989 0.977124099357599 0.895897417538792 0.509319147171635 0.174507992761968 0.174507992761968 0.447125780629375 0.262251727972615 -0.341949538045147 0.453600745741689 0.36543647231202 0.449083903132604 0.389064942020396 0.316536611899953 6 0.296666666666667 234
166 0.578198552625217 -0.954628478066497 0.97391659541215 0.913606365098047 0.594951823290371 0.159937300972812 0.159937300972812 0.417635336410233 0.439480248905199 -0.158337882342706 0.382358194673458 0.581145480473104 0.362232046983584 0.281616435901532 0.40839760166832 8 0.298333333333333 166
184 0.568334765135954 -1.0328724269961 0.882626614691255 0.973856279807583 0.485995083992045 0.211898370069894 0.211898370069894 0.327030220919211 0.371649914153277 -0.254708811414732 0.440308488276811 0.30114390219535 0.314571366131756 0.291674945531988 0.596172010387844 16 0.303333333333333 184
235 0.42163534630808 -1.12379387979936 0.977059314400013 0.992104901610885 0.432191813894551 0.221822379122143 0.221822379122143 0.458361180242825 0.137745430788562 -0.437014355881883 0.431964635685418 0.728208900580307 0.385825563527539 0.40313745570138 0.648639322455994 8 0.301666666666667 235
210 0.458398111246279 -1.11301145131195 0.908967390913412 1.1135172769926 0.497277788194042 0.259918083983112 0.259918083983112 0.569609381151926 0.458025862516378 -0.311267663065064 0.281887363652086 0.300114993727756 0.2188260515134 0.208084704336623 0.681170772103299 7 0.298333333333333 210
167 0.351655684566572 -0.948103151754527 1.1141745547463 1.09116121466966 0.491580289871913 0.172463208417783 0.172463208417783 0.445078863628644 0.415089466538996 -0.206402019935566 0.381480418361477 0.45620134817563 0.28868491472552 0.446129340244327 0.68768332911209 26 0.295 167
185 0.505572029458332 -1.06291922962839 1.03098922735951 0.965311283493144 0.441152860252849 0.241236438708871 0.241236438708871 0.555565995506172 0.166416491866115 -0.207477451983271 0.495849976557928 0.618469604903356 0.296779043927795 0.498273299980282 0.34612050423771 7 0.303333333333333 185
236 0.58960797411808 -0.990187338171648 0.81981725891391 0.987877288465883 0.404166067225647 0.210910145589601 0.210910145589601 0.483032677355708 -0.0117896450975975 -0.255113808280237 0.490561321046164 0.788154367027891 0.381581667100021 0.270328838682852 0.433909410862062 9 0.293333333333333 236
211 0.371151241839782 -1.01503836543911 0.9909720533888 1.07189519395656 0.494026319113464 0.209450163692902 0.209450163692902 0.645441456765847 0.166826713594328 -0.223910539575153 0.381013405405844 0.608314802547773 0.385313385010939 0.363250733422186 0.585000414912028 6 0.296666666666667 211
237 0.549378932344026 -0.977897892106745 0.849844350836068 1.07385998676191 0.494909931118408 0.249800850246247 0.249800850246247 0.688517789193838 0.0585040124839664 -0.26356053918613 0.4354226032749 0.417387135773724 0.336583407767472 0.31975763925009 0.414762867162483 9 0.3 237
168 0.604244804578712 -0.961865776259927 0.989595454688877 0.848490196265986 0.530581436032492 0.212353655683314 0.212353655683314 0.35811639281214 0.273325724963986 -0.0958302509324285 0.352933459183026 0.0589992304780928 0.352373417935661 0.454742418726854 0.496706826053052 6 0.305 168
212 0.611808510675254 -0.981156945330962 1.03703278961737 0.894603840273852 0.438099793841873 0.227934034577996 0.227934034577996 0.517269816246404 0.174067828601944 -0.274700961723178 0.471995136439835 0.325286215623039 0.328239079680488 0.332264832022721 0.571452462687914 13 0.291666666666667 212
186 0.558695801004251 -1.10172365324335 1.21038700782075 0.791334825988508 0.506157783419087 0.270966057472917 0.270966057472917 0.566566502619218 0.39709577223014 -0.379487229830277 0.373578469576637 0.401514663492497 0.25329671875506 0.33794564088876 0.474978807233798 8 0.305 186
238 0.346053393184457 -1.06807875368568 1.04415047774263 1.06065560913922 0.546474511084234 0.207658667031134 0.207658667031134 0.439346030376524 0.220080409073653 -0.233135434370626 0.3038279647688 0.172129086726463 0.188454075646495 0.396334496869991 0.281287002102016 8 0.305 238
213 0.455327931539731 -1.07799463608757 0.924717662881334 1.0645548444984 0.484729935502803 0.272870748533032 0.272870748533032 0.643447961257629 -0.161983965975238 -0.293145541508993 0.352168746092127 0.350111498753161 0.238910879854703 0.274420808900059 0.502399611148949 10 0.3 213
239 0.486008206476632 -0.918196318336498 0.912765884578224 1.05036297629326 0.44191532226237 0.163668366824341 0.163668366824341 0.380441614036662 0.216462757895398 -0.20199246909036 0.452334135766433 0.326181425449392 0.206896795048827 0.413884115469142 0.435938921522313 7 0.305 239
214 0.505528544055654 -0.94027112021108 1.1219648700191 0.955259278111518 0.472425212594598 0.194413252489812 0.194413252489812 0.446213873806028 0.803007679251279 -0.27175653676278 0.376533336464928 0.804688202699147 0.22471093594046 0.194529240986572 0.413774660045905 5 0.301666666666667 214
187 0.360085888160346 -0.949629557863401 1.09245423195297 1.06840962820403 0.434722253834145 0.208356577842769 0.208356577842769 0.510142331199336 0.456189086355146 -0.281709306967648 0.584763889705183 0.777843866206369 0.240545346090869 0.380753131619582 0.372493107995398 7 0.3 187
169 0.364029019457182 -0.936291416087572 1.02536385445682 1.11295542148094 0.539018462044189 0.192757816959539 0.192757816959539 0.497478333804256 0.158724847926595 -0.251764150779395 0.442551263696758 0.288507180148299 0.307906242886294 0.354192726737935 0.483488589727064 41 0.305 169
240 0.453660990818933 -0.986819788080069 1.17559508400071 0.90407951677781 0.536180412977293 0.298152847504972 0.298152847504972 0.530826520344067 0.19697548950887 -0.29456104794829 0.445244540024299 1.02348780681638 0.337930158509944 0.409792562978982 0.493350808578504 9 0.296666666666667 240
215 0.573331452751146 -0.924505565171398 0.843809126841294 1.02038861260144 0.489336275862856 0.165848933345464 0.165848933345464 0.380128403795947 0.360256302619474 -0.283179388776739 0.43852626639284 -0.183105612871031 0.207334627467346 0.275414524797999 0.418070891768664 14 0.296666666666667 215
170 0.326791738381665 -1.02612272009911 1.01661235827734 1.09277508811719 0.484535109504536 0.187010796534066 0.187010796534066 0.555300362116466 0.524945116826125 -0.283538869612259 0.412172209253724 0.520360703953605 0.519955285095958 0.330454951469591 0.361258126091782 6 0.308333333333333 170
188 0.429943555462173 -1.04405885852189 1.2383221634679 0.961899571268275 0.520079586671918 0.184508872223717 0.184508872223717 0.524867297289046 0.00162612585972939 -0.305655991912474 0.361234143920968 0.329183703610576 0.313188949796274 0.375572449170663 0.46657889168611 23 0.301666666666667 188
241 0.640739998245034 -0.934643445701166 1.00083277161714 0.848141192327178 0.501378391552254 0.197249418427483 0.197249418427483 0.447039295544848 0.297969505009453 -0.285906398100776 0.425033790334504 0.514836141453537 0.225677762097205 0.326985784034401 0.499880950054743 8 0.303333333333333 241
216 0.626178911903024 -1.04161662526141 1.03647677448229 0.76458006894967 0.496002545639533 0.204389541849492 0.204389541849492 0.41631628037012 0.201834815893048 -0.21398547116891 0.589167167331848 0.413031121884274 0.243630666207571 0.539209375881132 0.766058607244701 13 0.303333333333333 216
171 0.630168436926889 -1.13809027664661 0.961430877204554 0.860452351209586 0.454280169484227 0.231766560501745 0.231766560501745 0.533427211429121 0.255547756989537 -0.194895272907522 0.312257574861898 0.267984801645068 0.309345241816876 0.374464833350338 0.477822606920175 10 0.31 171
242 0.597832657322925 -0.923690879439032 1.01222592234749 0.915840517015418 0.435498119689379 0.159944699017573 0.159944699017573 0.406095884831902 0.5537650569523 -0.405127835885766 0.444700135250788 0.77429285348158 0.259289885330053 0.38566164833148 0.522460220981174 9 0.298333333333333 242
189 0.71707853744168 -1.08278374622787 0.898312275573575 0.85954024176537 0.470178970266289 0.177769127021088 0.177769127021088 0.516838805202266 -0.156763382479838 -0.348438898002364 0.348112901269675 0.184340379369205 0.307560934107628 0.147764200353931 0.579986033229212 10 0.298333333333333 189
217 0.529588212050617 -0.986616595385265 0.916717989328387 0.930154198556759 0.525225711642479 0.261329136501844 0.261329136501844 0.506640392513481 0.430682696697456 -0.440183067407701 0.497738792802378 0.737219346353778 0.311399255940613 0.237756030470608 0.548016916145008 5 0.308333333333333 217
243 0.590516130487479 -0.995099226266348 0.978906096739379 1.01412434366916 0.413243387824894 0.177636550647653 0.177636550647653 0.466135729133261 0.0754256418442574 -0.272011572169454 0.372959867162318 0.116361201623989 0.291294560898063 0.455936081328055 0.511219863668837 9 0.3 243
218 0.378919851891312 -0.965369957474895 1.05369418307898 1.08722947379465 0.538796808812414 0.163910733659934 0.163910733659934 0.432802385109676 0.488697748889846 -0.234613011175944 0.37709105366033 0.379165891728746 0.313931798441352 0.294841731299135 0.529000337939391 4 0.3 218
172 0.459516123530424 -1.0262015936075 1.06007095103042 0.971412023328873 0.523940086079897 0.146669143695279 0.146669143695279 0.450906912713687 0.0633492667559237 -0.331512742667481 0.480074124627396 0.128495947649563 0.184847765864712 0.355832353957959 0.676576668741323 12 0.305 172
190 0.48721127357367 -0.879731513383876 0.989774007138797 1.01632015127792 0.549674684554645 0.0977090229810282 0.0977090229810282 0.464246067954538 0.742269974601323 -0.242091707950011 0.576900517860879 0.670786632270177 0.269478373431895 0.313214247156564 0.501849893981839 9 0.3 190
244 0.503243996041219 -0.968329853654614 0.861130140130134 1.01883659945234 0.483258902172187 0.181302126604184 0.181302126604184 0.48614477316827 -0.101314563200265 -0.275850379480719 0.389265962468052 0.237575138082932 0.32937005181615 0.379286621894865 0.401368453574683 13 0.298333333333333 244
219 0.473055459640691 -1.16404571991733 1.06804607661188 1.01242139906604 0.524958504903392 0.205184644316249 0.205184644316249 0.448165633522364 0.600081687636061 -0.324224431277191 0.475416712516677 0.505481901727432 0.197356862660815 0.338637761054539 0.934522189485044 7 0.298333333333333 219
173 0.374630442613877 -1.08859589160489 1.06827196941026 1.09889686489172 0.482090100286608 0.199134220071903 0.199134220071903 0.540071795578424 0.252708210849748 -0.291465157958532 0.372108473894077 0.161543351344218 0.26448749999869 0.312717334312931 0.260113754599434 14 0.298333333333333 173
245 0.532482835266992 -1.08398296061373 1.04077675891815 0.952025446034215 0.454966360745177 0.296647210143972 0.296647210143972 0.544519000231208 0.654462969585237 -0.316370963156546 0.380672600325214 0.479101494492505 0.294001012054829 0.354168623787605 0.635816153759601 12 0.295 245
191 0.498292268721984 -1.01395652684467 1.11082196332881 1.01697799701566 0.472301712218873 0.192937705919733 0.192937705919733 0.429238428536922 0.259442986430388 -0.34139998969103 0.345689602604222 0.491481838692071 0.197599504572924 0.45317526150326 0.51201323143087 6 0.296666666666667 191
220 0.610752688417267 -0.991905457296494 0.867071500914339 0.941155713205769 0.471336693606408 0.158701266541671 0.158701266541671 0.307728244576754 0.267820615337394 -0.352886270987236 0.476542251370844 0.305704791294335 0.261170046045529 0.21033255109268 0.521994140840641 9 0.306666666666667 220
174 0.49952636653714 -0.972225262732811 1.14735071101919 0.933626332619512 0.529291372756057 0.145174423285604 0.145174423285604 0.470778325199384 0.525729103107129 -0.364473641201793 0.400242976961858 0.762581609069067 0.499095883247801 0.315535474836063 0.638345744792881 10 0.301666666666667 174
246 0.477298082127535 -0.923078301894781 0.942746195449779 1.03720750467568 0.426665438927056 0.150737484639522 0.150737484639522 0.568169187373616 -0.0159860808208086 -0.318322504104849 0.492544025181032 0.145872328189282 0.223520380487743 0.244710070164189 0.280000436785884 38 0.303333333333333 246
192 0.491672151037494 -0.900605301249837 1.00615992324728 0.96222234942461 0.50638801497361 0.192151186436575 0.192151186436575 0.63998797765137 0.114067493292661 -0.135896809299125 0.496871584735004 0.203666578524904 0.274527395485116 0.345822149305827 0.75388226384537 15 0.3 192
221 0.545192265794285 -1.04949187235741 0.877665734554591 1.03733641286479 0.501215690749702 0.171973412346634 0.171973412346634 0.528683259634945 0.0742279901717194 -0.208289886609222 0.361380100780094 0.4900213485548 0.252258536741821 0.310639745716833 0.529727103554266 8 0.295 221
175 0.552675801803532 -1.01435230355768 1.1384202206618 0.834054816448318 0.512478621929634 0.258873019974249 0.258873019974249 0.480388309093883 0.456125942564131 -0.423808317579771 0.424609907771694 0.615404356360729 0.390885190173462 0.300351080715159 0.47697009071514 7 0.293333333333333 175
193 0.535576644189582 -0.934394144840513 0.945373852952465 0.999583459930448 0.491310640935051 0.203637681063403 0.203637681063403 0.367328777466508 0.0307696630424424 -0.266219117888722 0.384837981406412 0.441544906662268 0.26250202945515 0.250293358760228 0.704339945784709 3 0.298333333333333 193
247 0.449051070798152 -0.914148097199236 1.02381297754538 0.976677031469205 0.490285550754482 0.0680431645409815 0.0680431645409815 0.41090381491499 0.302804582651171 -0.418236144153509 0.550043896162414 0.39381315564229 0.345285049496712 0.329129594017248 0.618124137625406 5 0.3 247
222 0.403536884253978 -1.00498872192888 0.971214909210062 1.13690182925983 0.455465462583665 0.128709340980589 0.128709340980589 0.451539307976823 -0.238046720288282 -0.263943364467658 0.481296579880069 -0.122128842078571 0.232001238881897 0.24135704046405 0.530390100817844 16 0.305 222
248 0.484358295593114 -0.95723143293177 1.05770474741412 1.03960903211532 0.39069852026012 0.146484284870657 0.146484284870657 0.424899854535783 0.482687612643616 -0.239862515536194 0.307312372750027 0.179496298145627 0.220143524121046 0.0818441401198499 0.615274853312898 11 0.298333333333333 248
194 0.386944767061148 -1.07774280450452 1.10055106890439 1.03520143769247 0.489905686164803 0.136868188639095 0.136868188639095 0.476276900488142 -0.121581520134732 -0.224844146178448 0.36562383171638 0.509734096420928 0.323248739782576 0.178405379947788 0.556031380004384 6 0.305 194
195 0.307849735034253 -1.0013449198576 1.03121416841802 1.18967855354615 0.555571104496892 0.154459949718895 0.154459949718895 0.466215961986571 0.213464926329656 -0.346051226861976 0.298154936943867 0.404280980352321 0.262609671382174 0.157557041455277 0.428255936488046 5 0.293333333333333 195
249 0.352680788037687 -0.971344021192654 1.04508619903589 1.11770850955883 0.470141606104061 0.234536798685363 0.234536798685363 0.438133450046991 0.266909774301855 -0.195421248339715 0.499516706760034 0.342675884130187 0.297153212741462 0.262117694824887 0.590141271516498 6 0.295 249
223 0.440139823011927 -1.03713223249132 0.94469766703756 1.08319161024462 0.475750312688511 0.165805752820918 0.165805752820918 0.599278204678357 0.824366014171192 -0.362352231094181 0.326337036337883 0.623850199465953 0.359681053171361 0.316034216021678 0.767699545272248 31 0.303333333333333 223
196 0.476121213166071 -1.0320502252187 1.09832028196518 0.964418632611253 0.504905596652784 0.166660953816605 0.166660953816605 0.461526685434867 0.619799965875116 -0.309644156785701 0.527192414243546 0.71200190165032 0.205286620897415 0.303655630920634 0.47517020293931 11 0.3 196
197 0.45714492390467 -1.07225289134121 0.96470240195723 1.0643701421616 0.451924561443124 0.10822342824987 0.10822342824987 0.451302811536203 0.501732689182313 -0.192316516534853 0.460979251839022 0.38360476715114 0.284141702454374 0.323677813032046 0.478437798103999 8 0.3 197
250 0.512475685942289 -0.990711214114178 1.05195659527583 0.840640054032003 0.539756124849197 0.2224974791168 0.2224974791168 0.647455243288866 0.499744217659632 -0.502324411542946 0.644821366224211 0.647037985131329 0.276741145277617 0.372572299891599 0.261621175450699 9 0.293333333333333 250
224 0.566254188981424 -0.997214215805919 0.975526668058805 0.94503579265209 0.49829940063034 0.0988939947107811 0.0988939947107812 0.581015573482582 0.329809720322535 -0.376996857424709 0.564729319897103 0.361268704126688 0.232060181558501 0.339426428396286 0.431237521140905 3 0.301666666666667 224
198 0.550575384958467 -0.993907248627085 1.00338937356112 0.956766817237194 0.488333564897039 0.21823943160567 0.21823943160567 0.428760281383157 -0.108361535601755 -0.32230112887941 0.48740213198313 -0.00868258355130861 0.228618767414493 0.339498409474622 0.408345606897646 6 0.295 198
225 0.516169298161271 -1.03850204633485 1.02892301004212 1.00855378387492 0.574091341188476 0.160304134204181 0.160304134204181 0.410521363508698 0.294373367095001 -0.421263224434216 0.382278687868003 0.300737115564845 0.27818847956341 0.374115763425162 0.660751180339115 8 0.296666666666667 225
199 0.511706403219521 -0.972862162448862 0.765533902882551 1.04406166012174 0.564576143086137 0.158748855503007 0.158748855503007 0.573851681799074 0.343616601326122 -0.336542915655291 0.421613102874328 0.441670779443734 0.262850251679135 0.413946719959148 0.191976098524289 18 0.306666666666667 199
200 0.453889107142277 -1.00842871977314 0.983431126138445 1.02506026245914 0.455821204132972 0.20211760473619 0.20211760473619 0.505160623483926 0.347128245776866 -0.277000904472575 0.630414844246738 0.889004904882382 0.238676109436833 0.380380990507692 0.302440995031382 10 0.303333333333333 200
251 0.489017361402044 -0.966641397863933 1.03541462520227 0.995929714247245 0.57567090982111 0.246636575745723 0.246636575745723 0.466287021314509 0.515048709899677 -0.439062287018843 0.296416092570372 0.815442738581753 0.319572679413949 0.269393801942707 0.523189313570769 15 0.298333333333333 251
276 0.5553776402483 -1.00521382901699 0.945755540016739 0.942914318646841 0.528580919682033 0.217604864567969 0.217604864567969 0.403669833955114 0.198303057076503 -0.380828786124249 0.481262316682702 0.142250510514479 0.143525432992791 0.339033319803737 0.493923483942622 8 0.31 276
252 0.426355482076117 -1.01294118730334 1.09797738181522 1.09589747111451 0.505442513987355 0.237635889367038 0.237635889367038 0.581847111149361 0.0536977951817652 -0.275160908080908 0.3708911131687 0.371749871483508 0.375035471379277 0.317934420332915 0.39923988519675 7 0.3 252
277 0.462115242307405 -1.00461848758056 1.14716317166765 0.990962662276136 0.479174388588444 0.220936641688351 0.220936641688351 0.351730375392097 0.218198783884702 -0.332054378087717 0.561017305534458 0.0454057009589948 0.366742999340146 0.29149032902333 0.474657808448117 9 0.3 277
253 0.474223675945855 -0.982412171322891 1.00649486076286 1.04980821252659 0.42939512000388 0.152742358023035 0.152742358023035 0.308041425738169 0.326354303134994 -0.349842506158598 0.196598584540836 0.445375976858429 0.210516200113258 0.256166284167037 0.571491303746648 5 0.31 253
278 0.575400203564741 -0.965070520240721 1.06505226415738 1.01471479452163 0.448019165427465 0.238761551439202 0.238761551439202 0.469877100916274 0.643096498349616 -0.160329164016894 0.485370645346509 0.72428983408897 0.345963080926122 0.375033888024209 1.01006815456034 6 0.303333333333333 278
254 0.305105060961081 -1.01206023169715 1.10340954157635 1.06431867971493 0.563138434497758 0.179211338773779 0.179211338773779 0.421843723854021 0.258999516193824 -0.127266085657273 0.210445556884551 0.138597749691876 0.577331185855184 0.317963937947303 0.327331205330315 12 0.295 254
279 0.586216304366253 -0.951420710353892 0.922083854668418 0.999317712556696 0.460373776423434 0.180971996671532 0.180971996671532 0.493891560619457 0.509737849398365 -0.183006728874147 0.546929503695377 0.301213802247491 0.348409016953842 0.326073010193938 0.486429290908763 10 0.303333333333333 279
255 0.530711565496953 -1.0222278437903 1.03636588041872 0.945944522638681 0.585134972539514 0.201495802302087 0.201495802302087 0.575378729622312 0.107808998855507 -0.301085315833313 0.379845963711593 0.303915688268487 0.267168851215605 0.320177506821657 0.69121999055572 11 0.3 255
280 0.722099615505199 -1.03624650231055 1.03407837163479 0.850517784860422 0.532299694336609 0.285096528154101 0.285096528154101 0.496724728089243 0.672589398478603 -0.256558776098307 0.537988111481656 0.855744091950263 0.30143215781637 0.201956862853351 0.41749339553636 5 0.303333333333333 280
281 0.421702178352539 -1.00142761917775 1.10977090024386 0.977852813243361 0.525113335545577 0.198653210075931 0.198653210075931 0.384934667605167 0.643088522743842 -0.333541694537622 0.337506200520811 0.424480214842087 0.441141975277479 0.378345867424218 0.490484716072707 14 0.303333333333333 281
256 0.34237587150626 -0.998746525132754 0.986518840655264 1.12621264175447 0.597590991125568 0.177213882107828 0.177213882107828 0.502733725193823 0.34135908097542 -0.246466730714875 0.503558273636838 0.31438127543235 0.141162298615157 0.30201268994158 0.546134832382985 25 0.303333333333333 256
257 0.483708585392199 -1.05383879152281 0.91231466727464 1.02416441967154 0.464433453255971 0.212022959453455 0.212022959453455 0.394835743735195 0.184865589838577 -0.199787784474878 0.487162527563246 0.428291423603913 0.352064446731711 0.307057103875575 0.538065253855091 6 0.303333333333333 257
282 0.581281895137337 -1.05210050916578 0.877145501356137 1.01015251371296 0.537126844806193 0.2500174658608 0.2500174658608 0.562822875605752 0.236783872307422 -0.216097847447848 0.425104654332953 0.577120156628124 0.349843923354876 0.175043103139172 0.733297925771603 11 0.296666666666667 282
258 0.546053410814726 -1.00897889226451 0.889608673138065 0.971979878881759 0.445447608496867 0.143500291181988 0.143500291181988 0.385654789406743 0.705573891242246 -0.307668913032542 0.470933389869437 0.669030508479236 0.208427811384437 0.401413526922866 0.475004063943474 3 0.296666666666667 258
283 0.477665511083785 -1.12756476207297 1.02361847659944 1.00535067910398 0.470118275399175 0.196809881491365 0.196809881491365 0.393222350770729 0.500734289672276 -0.220319565588688 0.298716258054556 0.0275491800959694 0.361717700743884 0.235609669431889 0.58857318277472 7 0.303333333333333 283
259 0.469287384534159 -0.955154071688541 0.995729880993366 1.0975776678737 0.509650876463937 0.204104332753194 0.204104332753194 0.590222682202334 0.689606339624558 -0.383352684522442 0.496558081836244 0.454808621887626 0.288775757321293 0.370404903268696 0.652516492504084 8 0.301666666666667 259
284 0.442958628191865 -1.03192321414096 1.03212021545856 1.09085326662409 0.428174890719959 0.21293091544455 0.21293091544455 0.658308922606584 0.254234382648037 -0.252392266585115 0.334104915512019 0.424222035690399 0.102550235086987 0.180288073459613 0.347235172398083 12 0.301666666666667 284
285 0.315697733413347 -1.02228821061333 1.18064398008842 1.06811519436198 0.570474251760577 0.213531434856147 0.213531434856147 0.51953459647147 0.65984340955864 -0.256805088447081 0.481793876725952 0.265676047397621 0.406669148630478 0.240040237074705 0.526059228972335 21 0.3 285
260 0.35723810771403 -0.921646021219754 1.07742231671455 1.0843706854529 0.482786912325017 0.174160825611725 0.174160825611725 0.491630370964346 0.714794776136393 -0.265905611765504 0.535830054160146 0.839574797892796 0.271023576043248 0.273907893415749 0.647504611472225 9 0.295 260
286 0.572079224507431 -1.00163721971931 1.07738678762556 0.857136935842393 0.419416626011316 0.21715803465535 0.21715803465535 0.373805819283725 0.436142494344599 -0.219255144883375 0.438219489299226 0.308946525791112 0.332089829314985 0.429225332059 0.833674442811438 8 0.301666666666667 286
261 0.39473782009378 -1.0595860386261 1.28057958700709 0.975276412488033 0.474727425333904 0.0962798489478237 0.0962798489478237 0.457363069542628 0.317210459171997 -0.276877520385664 0.396027652276702 0.319677305636029 0.385452476037993 0.354826715965542 0.408522070822405 6 0.311666666666667 261
262 0.561696291640783 -1.08902949436634 1.01289040169758 0.929236143066787 0.447871962222997 0.228853114065253 0.228853114065253 0.560047744447742 0.491579650556059 -0.34590246045401 0.413506120758469 0.377326609739545 0.15919784104103 0.251784853615087 0.391304152508483 9 0.301666666666667 262
287 0.520318724586525 -1.0290639240432 0.974676809174902 0.980136148711245 0.546118378539609 0.241229560990299 0.241229560990299 0.527455534221222 0.277602348901719 -0.311423388974228 0.48102602937408 0.53011113009123 0.397896734947251 0.320959228629348 0.45096611713009 13 0.298333333333333 287
263 0.438790344864766 -1.01240955310216 0.976955543751848 1.04951114009898 0.477962742488906 0.153206943363783 0.153206943363783 0.392212782165371 0.209020793822307 -0.288630180411391 0.432890046586155 0.380923198602536 0.369673195369641 0.193276586804973 0.37176554920173 14 0.3 263
288 0.626986624090451 -1.04388035419474 0.940412728049754 0.967526442301143 0.484494151553604 0.240266493880219 0.240266493880219 0.588652752074086 0.349219970834398 -0.209654501982697 0.300917951343015 0.296640057209831 0.386640602893986 0.160605247450118 0.686138235970589 10 0.303333333333333 288
264 0.413165668194372 -1.12896582795837 0.996339113424147 1.09500735769603 0.44118480608614 0.264884195812043 0.264884195812043 0.620512937590661 0.243076936492733 -0.328025317677415 0.257193911234186 0.597072365574789 0.310504468531334 0.242121202795277 0.437076874761087 9 0.291666666666667 264
289 0.286956643018363 -1.04001281415901 1.04307617856367 1.13986910455663 0.474104183999812 0.142799432154989 0.142799432154989 0.518347763910096 0.0726635576462574 -0.307126272709138 0.355087070108187 0.254336922981301 0.299998422125399 0.21735892900401 0.338498828429316 10 0.296666666666667 289
265 0.597803255699999 -1.02241294664737 0.932076726124362 0.965066579519158 0.477934711284456 0.201874065663927 0.201874065663927 0.428465500843324 0.438195816606767 -0.376209174776661 0.426309830353901 0.804009957391385 0.416790920662473 0.190007301746499 0.445934219195811 11 0.3 265
290 0.470748366427179 -0.864066066897574 1.0160043442964 1.01673268032176 0.5312672805773 0.161010215822392 0.161010215822392 0.506848076141668 0.659851279102877 -0.229633585213906 0.423826909805671 0.175157216456698 0.248053884967555 0.186705825030118 0.355144529951686 11 0.306666666666667 290
266 0.45241821139892 -1.07126994156218 1.02617385266422 1.02551337931935 0.396974025890186 0.250933950122229 0.250933950122229 0.611979524793914 0.145984158609923 -0.348815048395679 0.349679222089248 0.291343016694018 0.319207925802651 0.118239021857993 0.360866661121136 10 0.295 266
291 0.569493350683802 -0.988518388962581 0.992384089847838 0.92989207381818 0.462778997867371 0.226015805388765 0.226015805388765 0.453410222500665 -0.112159432913424 -0.280583935881133 0.483724069345565 0.251069238191768 0.172108275252019 0.342120160322432 0.486966858727509 10 0.303333333333333 291
267 0.465006473833347 -0.844050346711658 0.980569341776142 1.04377554278418 0.565927201655387 0.186932708869713 0.186932708869713 0.452149763355237 0.26128537310629 -0.293139332936067 0.508871597125684 0.234420779256421 0.230136460917429 0.281670160147327 0.785355624628177 4 0.305 267
292 0.644759113403427 -0.99196600114458 0.932885981838448 0.947400478150348 0.43648657426602 0.130761065588065 0.130761065588065 0.48748493904381 0.393128825493142 -0.449153639442212 0.40723973731344 0.643843345568641 0.419300801234631 0.20899947032471 0.318344056588582 10 0.301666666666667 292
268 0.368654997405891 -0.922549511984367 0.955625137972776 1.1303436150593 0.564980354982735 0.199379589282001 0.199379589282001 0.385922028844843 -0.0509070625822327 -0.352562428911695 0.458509128752 0.128371548431375 0.282332018766961 0.173944873951785 0.47048564854771 8 0.296666666666667 268
293 0.492172205001006 -1.114247240703 1.08411548037204 0.985411590677632 0.46400084164429 0.198578285919011 0.198578285919011 0.480135514059971 0.280022081528197 -0.0857449401435322 0.317122737434568 0.497456711783982 0.344793217033552 0.148426524052187 0.819563516898943 8 0.305 293
269 0.392412227523953 -1.01751697399466 0.915523849467258 1.13780791917773 0.467123361080089 0.19042371010624 0.19042371010624 0.53988683827746 0.479424937236409 -0.339637175876905 0.388329515581439 0.427702882879083 0.239958105863527 0.19480935543974 0.499554340287717 20 0.303333333333333 269
270 0.586885351824077 -1.04353722829196 0.981658613505815 0.960141026428884 0.555228600327268 0.191433850177515 0.191433850177515 0.339694764923504 0.265109393802035 -0.361118879558326 0.373032076079832 0.699705589918298 0.226486349181022 0.338502316419771 0.366463443205621 8 0.295 270
294 0.546851490905432 -1.02446227780513 1.01651012750195 0.920698928253686 0.467208637376479 0.251576962262237 0.251576962262237 0.637581933760113 0.255243576130994 -0.349757908797086 0.382696724465042 0.612786843546856 0.341920801036932 0.549312742533281 0.506918495860688 9 0.298333333333333 294
271 0.398822968006999 -1.14261553945126 1.06547860907624 0.955629237880014 0.460654837631378 0.207541536327767 0.207541536327767 0.530438929691197 0.0907830501271113 -0.155558601465426 0.414839835683985 0.127414633561148 0.20350477146803 0.358237559075369 0.451808809433935 6 0.298333333333333 271
295 0.550641559865333 -1.01596207958831 1.06990305327173 0.934327246419624 0.529431111131283 0.12429726094632 0.12429726094632 0.363436310567112 -0.0118367308694219 -0.259704040112841 0.520187139169495 0.854523745088522 0.233251772370017 0.343704066870324 0.389086962560206 6 0.3 295
272 0.570937035402365 -0.886446161263843 0.999929285226877 0.994213848154058 0.528505393375735 0.186474161045395 0.186474161045395 0.601849497065992 0.623835833508132 -0.258469998617266 0.402589523915187 0.464599003374971 0.245021670443573 0.298362355757299 0.569320921223636 4 0.298333333333333 272
296 0.567082453135498 -1.01540233264891 1.07302530935656 0.927717876979957 0.543824200863292 0.191928018484562 0.191928018484562 0.455212487741791 0.0284746427736199 -0.20146164505045 0.63639282479145 0.553873012010128 0.38214318243512 0.341620139254619 0.292664964462816 8 0.305 296
273 0.552988374025222 -1.04122086488916 0.907683612379066 1.00111955270899 0.479172445911668 0.127872510152034 0.127872510152034 0.447780652980435 0.144023262915728 -0.372934781413171 0.491523300071 0.561825987447614 0.116014266422292 0.401090286086048 0.472165066708881 10 0.298333333333333 273
297 0.40498746357182 -0.954165401327449 1.10225487647987 0.976530467767908 0.457664164912614 0.175180093827702 0.175180093827702 0.386676368570923 0.0898270878502588 -0.354021197373484 0.26718151979563 0.787219457626544 0.321284467112711 0.470733751331188 0.488167949486882 10 0.295 297
274 0.438810108972006 -1.03797699708655 0.901950061601186 1.09938849003944 0.478861000088491 0.199853761375732 0.199853761375732 0.40334391326304 0.6598768466183 -0.29025549351445 0.338793227189131 1.29374742881651 0.434033719237413 0.367283365491116 0.494365491734323 28 0.295 274
298 0.446660794998096 -0.956295689907886 0.982993485588282 1.02487991781767 0.571310562736745 0.222021890172666 0.222021890172666 0.406357706952474 -0.183429731728465 -0.321028129775735 0.397592419906354 -0.080490254329869 0.35076197867228 0.209759555772085 0.803450132997708 8 0.3 298
275 0.655457136401297 -0.955889726931891 0.964214670456777 0.907306865084889 0.55679490500203 0.224227188758245 0.224227188758245 0.601993857495132 0.215558343124187 -0.39104467265851 0.352437906158629 0.201115689406254 0.243540382096293 0.380789665216928 0.585444497767359 8 0.295 275
299 0.628833055463019 -1.00970333576852 1.01264078438282 0.92113037396737 0.493580299069995 0.201170590654633 0.201170590654633 0.621947907379561 0.39746784078256 -0.314891183467684 0.375252406086233 -0.114157408828646 0.306647674549858 0.408025368333666 0.347707947868189 39 0.298333333333333 299
300 0.536692729440161 -0.911626318650192 0.948087598538479 0.922637376949014 0.518225710955461 0.189146746231851 0.189146746231851 0.456070443353746 0.52776740947376 -0.397582157966697 0.348961107533901 0.437319080520102 0.316624272510199 0.284365866846574 0.476717644507444 18 0.3 300
